0 0.8330729166666666 0.4166666666666667 0.022395833333333334 0.037037037037037035
0 0.6083333333333333 0.41250000000000003 0.010416666666666666 0.025
0 0.5424479166666667 0.41944444444444445 0.015104166666666667 0.02777777777777778
0 0.8203125 0.41574074074074074 0.003125 0.03518518518518519
0 0.64765625 0.40972222222222227 0.009895833333333333 0.015740740740740743
0 0.62578125 0.41203703703703703 0.009895833333333333 0.022222222222222223
0 0.5872395833333334 0.41435185185185186 0.013020833333333334 0.025
0 0.8166666666666667 0.41250000000000003 0.005208333333333333 0.021296296296296296
0 0.6549479166666666 0.40925925925925927 0.0046875 0.016666666666666666
0 0.8083333333333333 0.4087962962962963 0.003125 0.015740740740740743
0 0.51953125 0.4203703703703704 0.0171875 0.02962962962962963
