0 0.9854166666666666 0.45925925925925926 0.028125 0.08148148148148149
0 0.9255208333333333 0.4518518518518519 0.05416666666666667 0.07222222222222223
0 0.14609375 0.47824074074074074 0.06302083333333333 0.09537037037037037
0 0.2669270833333333 0.4652777777777778 0.0453125 0.06574074074074074
0 0.4184895833333333 0.4462962962962963 0.0234375 0.037037037037037035
0 0.46380208333333334 0.43333333333333335 0.019270833333333334 0.02962962962962963
0 0.496875 0.43194444444444446 0.014583333333333334 0.032407407407407406
0 0.53046875 0.4314814814814815 0.013020833333333334 0.020370370370370372
0 0.54140625 0.4305555555555556 0.005729166666666666 0.022222222222222223
0 0.825 0.4356481481481482 0.028125 0.04722222222222222
0 0.7921875 0.4300925925925926 0.020833333333333332 0.036111111111111115
0 0.7705729166666666 0.425 0.015104166666666667 0.02962962962962963
0 0.7484375 0.42824074074074076 0.013541666666666667 0.025
