1 0.5669270833333333 0.3717592592592593 0.06302083333333333 0.20462962962962963
0 0.3567708333333333 0.38703703703703707 0.0125 0.07777777777777778
1 0.6557291666666667 0.39722222222222225 0.015625 0.05
0 0.36614583333333334 0.39166666666666666 0.009375 0.06481481481481481
0 0.70234375 0.3652777777777778 0.0171875 0.11018518518518519
0 0.030729166666666665 0.4189814814814815 0.04895833333333333 0.13796296296296298
0 0.20234375 0.3902777777777778 0.0140625 0.06018518518518519
0 0.22682291666666665 0.42129629629629634 0.033854166666666664 0.13333333333333333
0 0.3421875 0.38842592592592595 0.015625 0.08240740740740742
1 0.42083333333333334 0.39583333333333337 0.0125 0.04351851851851852
1 0.6036458333333333 0.375462962962963 0.07395833333333333 0.24351851851851852
1 0.7598958333333333 0.3962962962962963 0.027083333333333334 0.05740740740740741
1 0.43645833333333334 0.3944444444444445 0.022916666666666665 0.05740740740740741
0 0.64375 0.38287037037037036 0.021875 0.0712962962962963
1 0.4479166666666667 0.39305555555555555 0.0125 0.04537037037037037
0 0.6731770833333334 0.3824074074074074 0.013020833333333334 0.07222222222222223
0 0.3263020833333333 0.40185185185185185 0.011979166666666666 0.07222222222222223
