1 0.15989583333333332 0.3768518518518519 0.020833333333333332 0.053703703703703705
0 0.54453125 0.34490740740740744 0.022395833333333334 0.14351851851851852
1 0.13385416666666666 0.3717592592592593 0.029166666666666667 0.08425925925925926
0 0.43828125 0.36574074074074076 0.0140625 0.07222222222222223
1 0.16848958333333333 0.3787037037037037 0.0234375 0.06296296296296297
0 0.055989583333333336 0.34675925925925927 0.013020833333333334 0.0712962962962963
0 0.45807291666666666 0.36574074074074076 0.018229166666666668 0.08333333333333334
1 0.4341145833333333 0.3842592592592593 0.019270833333333334 0.05555555555555556
1 0.384375 0.3837962962962963 0.015625 0.04722222222222222
0 0.007291666666666667 0.33194444444444443 0.014583333333333334 0.11018518518518519
1 0.02005208333333333 0.3625 0.04010416666666666 0.13796296296296298
1 0.61796875 0.38472222222222224 0.024479166666666666 0.0787037037037037
0 0.02421875 0.3388888888888889 0.019270833333333334 0.09074074074074075
0 0.04192708333333333 0.34305555555555556 0.01614583333333333 0.08055555555555556
0 0.5119791666666667 0.3652777777777778 0.01875 0.10277777777777779
1 0.6072916666666667 0.3861111111111111 0.026041666666666668 0.08333333333333334
0 0.48203124999999997 0.36388888888888893 0.0171875 0.08888888888888889
1 0.4786458333333333 0.38472222222222224 0.021875 0.06759259259259259
