0 0.77421875 0.45231481481481484 0.05364583333333333 0.07314814814814816
0 0.0265625 0.46296296296296297 0.053125 0.08518518518518518
0 0.7065104166666667 0.44722222222222224 0.03802083333333333 0.06296296296296297
0 0.61875 0.4351851851851852 0.022916666666666665 0.03888888888888889
0 0.5890625 0.42453703703703705 0.01875 0.028703703703703703
0 0.5677083333333334 0.4240740740740741 0.013541666666666667 0.02777777777777778
0 0.5458333333333333 0.4236111111111111 0.013541666666666667 0.021296296296296296
0 0.21692708333333333 0.43842592592592594 0.0328125 0.04722222222222222
0 0.27265625 0.42824074074074076 0.025520833333333333 0.03796296296296296
0 0.3072916666666667 0.42638888888888893 0.01875 0.036111111111111115
0 0.34088541666666666 0.4222222222222222 0.0140625 0.024074074074074074
0 0.35234375 0.4217592592592593 0.008854166666666666 0.02314814814814815
