0 0.9671875 0.39166666666666666 0.03854166666666667 0.1537037037037037
1 0.66484375 0.4087962962962963 0.0140625 0.036111111111111115
1 0.8591145833333333 0.4222222222222222 0.025520833333333333 0.07592592592592592
0 0.21223958333333334 0.23935185185185187 0.0609375 0.3027777777777778
0 0.296875 0.3125 0.042708333333333334 0.16203703703703703
0 0.050520833333333334 0.3912037037037037 0.046875 0.11944444444444445
1 0.6533854166666666 0.4087962962962963 0.0078125 0.02314814814814815
1 0.425 0.37777777777777777 0.059375 0.1851851851851852
0 0.38203125 0.3388888888888889 0.0296875 0.10925925925925926
0 0.3450520833333333 0.3300925925925926 0.030729166666666665 0.12685185185185185
1 0.5130208333333334 0.3990740740740741 0.034375 0.09814814814814815
