0 0.6411458333333333 0.41064814814814815 0.013541666666666667 0.021296296296296296
0 0.9669270833333333 0.4166666666666667 0.028645833333333332 0.04814814814814815
0 0.6106770833333334 0.41620370370370374 0.01614583333333333 0.032407407407407406
0 0.88125 0.40740740740740744 0.005208333333333333 0.022222222222222223
0 0.9302083333333333 0.41111111111111115 0.020833333333333332 0.03333333333333333
0 0.3109375 0.45787037037037037 0.058333333333333334 0.08981481481481482
0 0.58125 0.41805555555555557 0.017708333333333333 0.036111111111111115
0 0.5388020833333333 0.42592592592592593 0.024479166666666666 0.04259259259259259
0 0.41302083333333334 0.44722222222222224 0.041666666666666664 0.06666666666666667
0 0.8924479166666667 0.40740740740740744 0.0171875 0.020370370370370372
0 0.6505208333333333 0.41064814814814815 0.00625 0.02314814814814815
