0 0.21432291666666667 0.5222222222222223 0.08072916666666667 0.11851851851851852
0 0.7901041666666666 0.45416666666666666 0.021875 0.036111111111111115
0 0.45703125 0.4601851851851852 0.0234375 0.03888888888888889
0 0.5192708333333333 0.45092592592592595 0.008333333333333333 0.022222222222222223
0 0.4127604166666667 0.47222222222222227 0.034895833333333334 0.05555555555555556
0 0.5091145833333334 0.4518518518518519 0.015104166666666667 0.02592592592592593
0 0.009114583333333334 0.5703703703703704 0.0140625 0.18703703703703706
0 0.7432291666666666 0.4486111111111111 0.016666666666666666 0.021296296296296296
0 0.9221354166666667 0.46342592592592596 0.03802083333333333 0.05092592592592593
0 0.48333333333333334 0.45601851851851855 0.017708333333333333 0.03425925925925926
0 0.7294270833333333 0.44722222222222224 0.009895833333333333 0.020370370370370372
0 0.8401041666666667 0.45601851851851855 0.026041666666666668 0.04537037037037037
