1 0.37057291666666664 0.41435185185185186 0.0234375 0.08055555555555556
0 0.29244791666666664 0.3893518518518519 0.025520833333333333 0.08981481481481482
0 0.17994791666666665 0.4199074074074074 0.0203125 0.09907407407407408
1 0.40703125 0.4189814814814815 0.009895833333333333 0.05277777777777778
1 0.4166666666666667 0.4203703703703704 0.017708333333333333 0.05185185185185186
0 0.728125 0.3787037037037037 0.01875 0.10740740740740741
1 0.6916666666666667 0.40185185185185185 0.025 0.08148148148148149
0 0.22343749999999998 0.44027777777777777 0.013541666666666667 0.04722222222222222
0 0.759375 0.37222222222222223 0.021875 0.12222222222222223
1 0.6640625 0.40601851851851856 0.021875 0.06018518518518519
0 0.31536458333333334 0.3962962962962963 0.0203125 0.07222222222222223
0 0.1703125 0.44074074074074077 0.00625 0.0462962962962963
1 0.8393229166666667 0.39212962962962966 0.0390625 0.10462962962962963
0 0.8010416666666667 0.3425925925925926 0.028125 0.18333333333333335
1 0.6153645833333333 0.40925925925925927 0.0140625 0.04814814814814815
0 0.70390625 0.38287037037037036 0.01614583333333333 0.09722222222222222
0 0.26328125 0.3662037037037037 0.0296875 0.13611111111111113
0 0.05911458333333333 0.4217592592592593 0.027604166666666666 0.13240740740740742
0 0.34739583333333335 0.39861111111111114 0.014583333333333334 0.06018518518518519
1 0.24453125 0.41620370370370374 0.03697916666666667 0.10833333333333334
0 0.33307291666666666 0.39583333333333337 0.0171875 0.06574074074074074
0 0.68203125 0.38657407407407407 0.0140625 0.08796296296296297
1 0.8848958333333333 0.38842592592592595 0.03958333333333333 0.11018518518518519
