0 0.5559895833333334 0.37222222222222223 0.0109375 0.06296296296296297
0 0.5278645833333333 0.3731481481481482 0.009895833333333333 0.04814814814814815
1 0.5494791666666666 0.38842592592592595 0.010416666666666666 0.030555555555555558
0 0.19921875 0.39583333333333337 0.019270833333333334 0.06018518518518519
1 0.44166666666666665 0.3768518518518519 0.034375 0.08888888888888889
0 0.28802083333333334 0.3912037037037037 0.017708333333333333 0.049074074074074076
1 0.5255208333333333 0.39212962962962966 0.010416666666666666 0.025
0 0.59140625 0.36342592592592593 0.013020833333333334 0.08055555555555556
0 0.5723958333333333 0.3699074074074074 0.011458333333333333 0.0638888888888889
0 0.5408854166666667 0.3740740740740741 0.0109375 0.05555555555555556
