1 0.5174479166666667 0.41064814814814815 0.021354166666666667 0.062037037037037036
1 0.196875 0.41111111111111115 0.03333333333333333 0.08333333333333334
0 0.13984375 0.38472222222222224 0.018229166666666668 0.07685185185185185
1 0.26328125 0.4138888888888889 0.0109375 0.02592592592592593
1 0.46979166666666666 0.412962962962963 0.017708333333333333 0.05
0 0.15911458333333334 0.38703703703703707 0.018229166666666668 0.06666666666666667
0 0.04088541666666667 0.33935185185185185 0.04635416666666667 0.16944444444444445
0 0.08359375 0.3731481481481482 0.034895833333333334 0.0962962962962963
0 0.603125 0.38472222222222224 0.020833333333333332 0.11388888888888889
1 0.027083333333333334 0.4041666666666667 0.05416666666666667 0.14722222222222223
1 0.72578125 0.4050925925925926 0.03802083333333333 0.10277777777777779
0 0.11510416666666666 0.3805555555555556 0.027083333333333334 0.08148148148148149
0 0.53046875 0.39305555555555555 0.0140625 0.0787037037037037
0 0.5739583333333333 0.3856481481481482 0.017708333333333333 0.09537037037037037
0 0.5466145833333333 0.3907407407407408 0.015104166666666667 0.08148148148148149
1 0.24661458333333333 0.4152777777777778 0.0203125 0.06018518518518519
0 0.640625 0.36064814814814816 0.025 0.16574074074074074
1 0.5567708333333333 0.40694444444444444 0.027083333333333334 0.07685185185185185
