0 0.9552083333333333 0.3625 0.022916666666666665 0.10833333333333334
0 0.47942708333333334 0.375 0.013020833333333334 0.08333333333333334
1 0.5677083333333334 0.3819444444444445 0.025 0.075
1 0.45390625 0.3597222222222222 0.0671875 0.24537037037037038
0 0.11458333333333333 0.40925925925925927 0.040625 0.10185185185185186
0 0.3763020833333333 0.37222222222222223 0.021354166666666667 0.10925925925925926
0 0.04479166666666667 0.4134259259259259 0.05520833333333333 0.13240740740740742
0 0.509375 0.3814814814814815 0.013541666666666667 0.06481481481481481
1 0.62734375 0.38796296296296295 0.013020833333333334 0.0462962962962963
0 0.3359375 0.38703703703703707 0.01875 0.05925925925925926
0 0.53046875 0.3416666666666667 0.018229166666666668 0.10185185185185186
0 0.9914062499999999 0.34074074074074073 0.01614583333333333 0.15185185185185185
0 0.31145833333333334 0.4041666666666667 0.025 0.07314814814814816
0 0.5473958333333333 0.3689814814814815 0.009375 0.04351851851851852
0 0.8885416666666667 0.36388888888888893 0.014583333333333334 0.08333333333333334
0 0.54296875 0.3652777777777778 0.008854166666666666 0.05648148148148149
1 0.6151041666666667 0.3851851851851852 0.019791666666666666 0.05740740740740741
1 0.7989583333333333 0.3893518518518519 0.014583333333333334 0.04351851851851852
1 0.8578125 0.38472222222222224 0.02395833333333333 0.05277777777777778
1 0.4153645833333333 0.3564814814814815 0.09114583333333333 0.26851851851851855
0 0.921875 0.3662037037037037 0.017708333333333333 0.10277777777777779
1 0.8994791666666666 0.38287037037037036 0.027083333333333334 0.06759259259259259
0 0.43203125 0.3763888888888889 0.0171875 0.08611111111111111
0 0.8674479166666667 0.3662037037037037 0.0140625 0.08240740740740742
