1 0.5302083333333333 0.3791666666666667 0.014583333333333334 0.04166666666666667
0 0.4036458333333333 0.3740740740740741 0.008333333333333333 0.053703703703703705
0 0.50703125 0.36388888888888893 0.009895833333333333 0.044444444444444446
0 0.4966145833333333 0.3615740740740741 0.0109375 0.04722222222222222
0 0.4401041666666667 0.375462962962963 0.009375 0.049074074074074076
0 0.7924479166666667 0.3601851851851852 0.011979166666666666 0.08333333333333334
1 0.23854166666666665 0.3652777777777778 0.03333333333333333 0.11574074074074074
0 0.06380208333333333 0.38796296296296295 0.01614583333333333 0.05555555555555556
1 0.7341145833333333 0.3787037037037037 0.015104166666666667 0.05185185185185186
1 0.8260416666666667 0.37777777777777777 0.016666666666666666 0.06481481481481481
0 0.7716145833333333 0.362962962962963 0.008854166666666666 0.07037037037037037
0 0.5153645833333333 0.36435185185185187 0.008854166666666666 0.04166666666666667
0 0.8247395833333333 0.3175925925925926 0.019270833333333334 0.07592592592592592
1 0.8088541666666667 0.37777777777777777 0.02395833333333333 0.06481481481481481
0 0.3572916666666667 0.3736111111111111 0.010416666666666666 0.0638888888888889
1 0.47161458333333334 0.375462962962963 0.0171875 0.05277777777777778
1 0.20885416666666667 0.36388888888888893 0.041666666666666664 0.12222222222222223
0 0.3078125 0.3717592592592593 0.011458333333333333 0.07314814814814816
0 0.4861979166666667 0.35879629629629634 0.011979166666666666 0.05462962962962963
0 0.25625 0.38796296296296295 0.014583333333333334 0.04259259259259259
0 0.4552083333333333 0.3861111111111111 0.008333333333333333 0.024074074074074074
0 0.43072916666666666 0.3856481481481482 0.007291666666666667 0.025
0 0.8072916666666666 0.3527777777777778 0.015625 0.07407407407407407
1 0.7151041666666667 0.3819444444444445 0.0125 0.03796296296296296
0 0.47291666666666665 0.33055555555555555 0.0125 0.05
1 0.55625 0.3791666666666667 0.0125 0.03425925925925926
0 0.14427083333333332 0.38657407407407407 0.01875 0.04722222222222222
0 0.78125 0.3615740740740741 0.009375 0.075
0 0.1125 0.3888888888888889 0.025 0.05925925925925926
