0 0.21901041666666665 0.34351851851851856 0.027604166666666666 0.1462962962962963
0 0.34921875 0.3476851851851852 0.04010416666666666 0.16944444444444445
0 0.2825520833333333 0.34351851851851856 0.0296875 0.14814814814814814
1 0.3484375 0.3805555555555556 0.0375 0.11481481481481481
1 0.8338541666666667 0.3731481481481482 0.053125 0.13703703703703704
1 0.5651041666666666 0.3731481481481482 0.042708333333333334 0.14444444444444446
0 0.4361979166666667 0.3351851851851852 0.0328125 0.17592592592592593
1 0.14114583333333333 0.37222222222222223 0.04479166666666667 0.10370370370370371
0 0.53046875 0.3087962962962963 0.034895833333333334 0.24351851851851852
1 0.865625 0.3837962962962963 0.05520833333333333 0.14166666666666666
