0 0.54609375 0.41111111111111115 0.0109375 0.040740740740740744
0 0.9859375 0.4314814814814815 0.027083333333333334 0.12407407407407407
0 0.5932291666666667 0.4138888888888889 0.009375 0.040740740740740744
0 0.7356770833333334 0.40972222222222227 0.0265625 0.11203703703703705
0 0.6528645833333333 0.425462962962963 0.0171875 0.049074074074074076
1 0.45677083333333335 0.3819444444444445 0.026041666666666668 0.08611111111111111
0 0.5747395833333333 0.412962962962963 0.013020833333333334 0.04259259259259259
0 0.86328125 0.4217592592592593 0.033854166666666664 0.13796296296296298
4 0.3221354166666667 0.3652777777777778 0.0671875 0.05092592592592593
1 0.43697916666666664 0.37962962962962965 0.014583333333333334 0.07962962962962963
