0 0.51953125 0.3662037037037037 0.0140625 0.05648148148148149
0 0.15520833333333334 0.3888888888888889 0.020833333333333332 0.061111111111111116
1 0.4973958333333333 0.3800925925925926 0.016666666666666666 0.04537037037037037
0 0.5388020833333333 0.35833333333333334 0.015104166666666667 0.07777777777777778
0 0.503125 0.36388888888888893 0.011458333333333333 0.053703703703703705
0 0.4890625 0.36435185185185187 0.009375 0.05092592592592593
0 0.4747395833333333 0.36712962962962964 0.009895833333333333 0.049074074074074076
1 0.5606770833333333 0.3842592592592593 0.0140625 0.037037037037037035
0 0.2505208333333333 0.3893518518518519 0.016666666666666666 0.05648148148148149
1 0.4010416666666667 0.375462962962963 0.030208333333333334 0.09166666666666667
