0 0.6864583333333333 0.35833333333333334 0.011458333333333333 0.06296296296296297
0 0.36614583333333334 0.3939814814814815 0.013541666666666667 0.05462962962962963
1 0.5815104166666667 0.37453703703703706 0.024479166666666666 0.09537037037037037
0 0.7294270833333333 0.36064814814814816 0.015104166666666667 0.08796296296296297
0 0.6697916666666667 0.36435185185185187 0.010416666666666666 0.0712962962962963
0 0.7072916666666667 0.3648148148148148 0.013541666666666667 0.08703703703703704
0 0.6557291666666667 0.3611111111111111 0.010416666666666666 0.05925925925925926
1 0.5684895833333333 0.3763888888888889 0.022395833333333334 0.08611111111111111
0 0.4421875 0.3912037037037037 0.015625 0.06574074074074074
1 0.6830729166666667 0.3856481481481482 0.0171875 0.049074074074074076
