1 0.43697916666666664 0.38333333333333336 0.03229166666666666 0.09444444444444444
0 0.17395833333333333 0.3685185185185185 0.059375 0.24814814814814815
1 0.7315104166666666 0.38981481481481484 0.0234375 0.07037037037037037
0 0.6473958333333333 0.3768518518518519 0.016666666666666666 0.07407407407407407
0 0.022135416666666668 0.43842592592592594 0.044270833333333336 0.23425925925925928
0 0.3359375 0.3787037037037037 0.015625 0.09444444444444444
1 0.4583333333333333 0.3861111111111111 0.01875 0.06296296296296297
0 0.70390625 0.3726851851851852 0.018229166666666668 0.08981481481481482
0 0.7421875 0.36712962962962964 0.022916666666666665 0.09537037037037037
1 0.42552083333333335 0.38796296296296295 0.016666666666666666 0.044444444444444446
1 0.9067708333333333 0.39212962962962966 0.035416666666666666 0.08055555555555556
1 0.60390625 0.39166666666666666 0.0140625 0.04814814814814815
0 0.31197916666666664 0.37453703703703706 0.020833333333333332 0.125
0 0.67265625 0.3726851851851852 0.019270833333333334 0.0787037037037037
0 0.2877604166666667 0.4 0.015104166666666667 0.0462962962962963
1 0.6700520833333333 0.3902777777777778 0.0203125 0.05092592592592593
0 0.78828125 0.3476851851851852 0.0234375 0.14166666666666666
0 0.26015625 0.36944444444444446 0.03177083333333333 0.17037037037037037
1 0.44869791666666664 0.3902777777777778 0.01614583333333333 0.05277777777777778
