0 0.53203125 0.36388888888888893 0.0171875 0.07407407407407407
1 0.5752604166666666 0.3902777777777778 0.03177083333333333 0.09907407407407408
1 0.9325520833333333 0.3842592592592593 0.027604166666666666 0.07407407407407407
0 0.16536458333333334 0.3819444444444445 0.034895833333333334 0.1787037037037037
1 0.40182291666666664 0.38287037037037036 0.049479166666666664 0.16203703703703703
0 0.48385416666666664 0.3541666666666667 0.022916666666666665 0.09537037037037037
0 0.44869791666666664 0.3226851851851852 0.030729166666666665 0.1638888888888889
6 0.7455729166666667 0.41435185185185186 0.0140625 0.008333333333333333
1 0.6268229166666667 0.3962962962962963 0.024479166666666666 0.06481481481481481
0 0.5486979166666667 0.3666666666666667 0.011979166666666666 0.06481481481481481
0 0.34088541666666666 0.3861111111111111 0.024479166666666666 0.12407407407407407
0 0.5109375 0.3597222222222222 0.021875 0.08240740740740742
2 0.7455729166666667 0.4046296296296297 0.008854166666666666 0.012962962962962964
