0 0.5385416666666667 0.4240740740740741 0.01875 0.05185185185185186
0 0.45807291666666666 0.41805555555555557 0.011979166666666666 0.04166666666666667
0 0.6895833333333333 0.4046296296296297 0.027083333333333334 0.13518518518518519
0 0.4830729166666667 0.4222222222222222 0.013020833333333334 0.03888888888888889
1 0.4122395833333333 0.4166666666666667 0.018229166666666668 0.037037037037037035
0 0.5098958333333333 0.4203703703703704 0.0125 0.03518518518518519
1 0.9653645833333333 0.39212962962962966 0.06822916666666666 0.3231481481481482
4 0.28020833333333334 0.3925925925925926 0.06145833333333333 0.04814814814814815
0 0.59765625 0.40185185185185185 0.0234375 0.11296296296296297
1 0.34479166666666666 0.39583333333333337 0.041666666666666664 0.08611111111111111
0 0.8791666666666667 0.40370370370370373 0.04583333333333333 0.1962962962962963
