0 0.27447916666666666 0.4083333333333333 0.025 0.07222222222222223
0 0.5895833333333333 0.38101851851851853 0.0125 0.06944444444444445
1 0.9791666666666666 0.3814814814814815 0.022916666666666665 0.05185185185185186
1 0.73671875 0.38287037037037036 0.018229166666666668 0.05277777777777778
0 0.221875 0.40740740740740744 0.020833333333333332 0.06666666666666667
1 0.6776041666666667 0.3791666666666667 0.021875 0.06944444444444445
0 0.6817708333333333 0.36342592592592593 0.009375 0.05648148148148149
1 0.8932291666666666 0.3805555555555556 0.016666666666666666 0.024074074074074074
0 0.4901041666666667 0.38101851851851853 0.013541666666666667 0.08611111111111111
1 0.3921875 0.3689814814814815 0.06041666666666667 0.19166666666666668
0 0.54140625 0.3814814814814815 0.0140625 0.07592592592592592
0 0.6908854166666667 0.36574074074074076 0.008854166666666666 0.05555555555555556
0 0.3109375 0.40694444444444444 0.020833333333333332 0.0638888888888889
1 0.7640625 0.38287037037037036 0.020833333333333332 0.04537037037037037
0 0.62578125 0.3824074074074074 0.011979166666666666 0.05925925925925926
1 0.44244791666666666 0.3736111111111111 0.0546875 0.17500000000000002
0 0.6401041666666667 0.3944444444444445 0.008333333333333333 0.031481481481481485
0 0.6385416666666667 0.39166666666666666 0.007291666666666667 0.03888888888888889
0 0.6708333333333333 0.362962962962963 0.009375 0.061111111111111116
0 0.65703125 0.34444444444444444 0.018229166666666668 0.0962962962962963
0 0.6091145833333333 0.39305555555555555 0.009895833333333333 0.036111111111111115
