0 0.328125 0.44907407407407407 0.04791666666666666 0.07592592592592592
0 0.4083333333333333 0.44351851851851853 0.036458333333333336 0.05740740740740741
0 0.5177083333333333 0.42824074074074076 0.02395833333333333 0.04166666666666667
0 0.5565104166666667 0.42083333333333334 0.0171875 0.030555555555555558
0 0.58203125 0.4175925925925926 0.018229166666666668 0.02962962962962963
0 0.6109375 0.41944444444444445 0.0125 0.020370370370370372
0 0.6203125 0.41944444444444445 0.007291666666666667 0.020370370370370372
0 0.9393229166666667 0.43194444444444446 0.03177083333333333 0.049074074074074076
0 0.8984375 0.4203703703703704 0.02395833333333333 0.037037037037037035
0 0.8692708333333333 0.42129629629629634 0.020833333333333332 0.03333333333333333
0 0.8416666666666667 0.4175925925925926 0.015625 0.024074074074074074
0 0.83046875 0.41805555555555557 0.0067708333333333336 0.02314814814814815
