0 0.4901041666666667 0.3726851851851852 0.010416666666666666 0.06574074074074074
1 0.29192708333333334 0.3819444444444445 0.028645833333333332 0.05648148148148149
0 0.51015625 0.36435185185185187 0.013020833333333334 0.08425925925925926
0 0.08385416666666666 0.3925925925925926 0.021875 0.06666666666666667
0 0.4471354166666667 0.375462962962963 0.008854166666666666 0.05462962962962963
1 0.3619791666666667 0.37824074074074077 0.041666666666666664 0.09722222222222222
1 0.44505208333333335 0.38981481481481484 0.008854166666666666 0.031481481481481485
1 0.5356770833333333 0.3912037037037037 0.0171875 0.04166666666666667
0 0.4765625 0.3712962962962963 0.011458333333333333 0.061111111111111116
1 0.46822916666666664 0.3851851851851852 0.0125 0.04259259259259259
0 0.18854166666666666 0.39583333333333337 0.021875 0.06944444444444445
0 0.46119791666666665 0.3773148148148148 0.009895833333333333 0.058333333333333334
