0 0.08723958333333333 0.4273148148148148 0.034895833333333334 0.04351851851851852
0 0.47604166666666664 0.4199074074074074 0.019791666666666666 0.028703703703703703
0 0.2203125 0.41435185185185186 0.013541666666666667 0.025
0 0.24010416666666667 0.4115740740740741 0.011458333333333333 0.019444444444444445
0 0.17942708333333332 0.4175925925925926 0.0203125 0.024074074074074074
0 0.20234375 0.41620370370370374 0.0140625 0.02314814814814815
0 0.12265625 0.425462962962963 0.024479166666666666 0.03796296296296296
0 0.43776041666666665 0.4138888888888889 0.013020833333333334 0.018518518518518517
0 0.4041666666666667 0.41250000000000003 0.011458333333333333 0.015740740740740743
0 0.4596354166666667 0.4199074074074074 0.009895833333333333 0.025
