0 0.5611979166666666 0.4412037037037037 0.030729166666666665 0.05092592592592593
0 0.18671875 0.42824074074074076 0.022395833333333334 0.032407407407407406
0 0.9106770833333333 0.5032407407407408 0.10364583333333333 0.1564814814814815
0 0.44609375 0.42314814814814816 0.0067708333333333336 0.022222222222222223
0 0.5140625 0.4300925925925926 0.021875 0.036111111111111115
0 0.48411458333333335 0.4291666666666667 0.0171875 0.030555555555555558
0 0.45651041666666664 0.425 0.015104166666666667 0.022222222222222223
0 0.20546875 0.42824074074074076 0.015104166666666667 0.032407407407407406
0 0.7294270833333333 0.47222222222222227 0.06197916666666667 0.1
0 0.11901041666666666 0.4305555555555556 0.030729166666666665 0.03518518518518519
0 0.038802083333333334 0.43333333333333335 0.043229166666666666 0.0462962962962963
