0 0.9106770833333333 0.4217592592592593 0.0171875 0.021296296296296296
0 0.33359375 0.4467592592592593 0.03802083333333333 0.06018518518518519
0 0.5885416666666666 0.42453703703703705 0.016666666666666666 0.03425925925925926
0 0.41692708333333334 0.44027777777777777 0.027604166666666666 0.04537037037037037
0 0.6736979166666667 0.41944444444444445 0.009895833333333333 0.024074074074074074
0 0.5395833333333333 0.4277777777777778 0.021875 0.02777777777777778
0 0.6223958333333334 0.42638888888888893 0.014583333333333334 0.032407407407407406
0 0.9763020833333333 0.43333333333333335 0.03697916666666667 0.04259259259259259
0 0.6614583333333334 0.41944444444444445 0.013541666666666667 0.020370370370370372
0 0.9002604166666667 0.4217592592592593 0.0036458333333333334 0.02314814814814815
