1 0.44088541666666664 0.375462962962963 0.0390625 0.16574074074074074
0 0.46458333333333335 0.4078703703703704 0.015625 0.05277777777777778
1 0.8 0.3893518518518519 0.022916666666666665 0.05648148148148149
0 0.3385416666666667 0.41111111111111115 0.019791666666666666 0.061111111111111116
0 0.5213541666666667 0.38657407407407407 0.013541666666666667 0.08425925925925926
0 0.76015625 0.37083333333333335 0.008854166666666666 0.049074074074074076
0 0.6729166666666666 0.3875 0.0125 0.062037037037037036
1 0.3997395833333333 0.3726851851851852 0.0546875 0.1787037037037037
1 0.8283854166666667 0.3907407407407408 0.0171875 0.044444444444444446
0 0.6901041666666666 0.40046296296296297 0.009375 0.030555555555555558
0 0.30104166666666665 0.41203703703703703 0.022916666666666665 0.06851851851851852
0 0.2598958333333333 0.40972222222222227 0.019791666666666666 0.062037037037037036
1 0.72578125 0.3842592592592593 0.0234375 0.07592592592592592
0 0.728125 0.36064814814814816 0.010416666666666666 0.06759259259259259
0 0.709375 0.3472222222222222 0.014583333333333334 0.09814814814814815
0 0.5778645833333333 0.38657407407407407 0.0140625 0.07685185185185185
0 0.7401041666666667 0.3675925925925926 0.009375 0.05925925925925926
0 0.75078125 0.3699074074074074 0.0067708333333333336 0.05277777777777778
0 0.6309895833333333 0.3861111111111111 0.0140625 0.07222222222222223
1 0.9919270833333333 0.3902777777777778 0.015104166666666667 0.03425925925925926
