0 0.32578125 0.4328703703703704 0.034895833333333334 0.05277777777777778
0 0.73515625 0.4050925925925926 0.0234375 0.049074074074074076
0 0.2484375 0.4481481481481482 0.052083333333333336 0.06851851851851852
0 0.70625 0.40231481481481485 0.017708333333333333 0.04722222222222222
0 0.40729166666666666 0.41435185185185186 0.022916666666666665 0.04166666666666667
0 0.09348958333333333 0.47361111111111115 0.08802083333333333 0.09907407407407408
0 0.7841145833333333 0.41250000000000003 0.043229166666666666 0.058333333333333334
0 0.8580729166666666 0.4226851851851852 0.058854166666666666 0.0712962962962963
0 0.3736979166666667 0.4236111111111111 0.027604166666666666 0.05092592592592593
0 0.978125 0.4393518518518519 0.042708333333333334 0.11018518518518519
