0 0.5276041666666667 0.4273148148148148 0.019791666666666666 0.026851851851851852
0 0.0049479166666666664 0.45046296296296295 0.009895833333333333 0.06944444444444445
0 0.25104166666666666 0.4240740740740741 0.021875 0.03518518518518519
0 0.4984375 0.41944444444444445 0.010416666666666666 0.020370370370370372
0 0.5502604166666667 0.4310185185185185 0.015104166666666667 0.03796296296296296
0 0.0765625 0.44537037037037036 0.03854166666666667 0.05185185185185186
0 0.2825520833333333 0.42083333333333334 0.0171875 0.026851851851851852
0 0.57265625 0.43703703703703706 0.028645833333333332 0.05555555555555556
0 0.32708333333333334 0.4189814814814815 0.009375 0.02314814814814815
0 0.20494791666666667 0.42962962962962964 0.024479166666666666 0.037037037037037035
0 0.3171875 0.4203703703703704 0.013541666666666667 0.024074074074074074
