4 0.31588541666666664 0.39861111111111114 0.0734375 0.05462962962962963
0 0.8544270833333333 0.39166666666666666 0.0296875 0.14814814814814814
0 0.9611979166666667 0.41712962962962963 0.015104166666666667 0.08611111111111111
0 0.7294270833333333 0.42314814814814816 0.021354166666666667 0.06481481481481481
0 0.6364583333333333 0.4203703703703704 0.0125 0.04814814814814815
1 0.4908854166666667 0.39583333333333337 0.03177083333333333 0.11944444444444445
1 0.4734375 0.3925925925925926 0.01875 0.10740740740740741
0 0.9640624999999999 0.41620370370370374 0.017708333333333333 0.08981481481481482
0 0.6182291666666666 0.42129629629629634 0.014583333333333334 0.05185185185185186
0 0.5817708333333333 0.4203703703703704 0.013541666666666667 0.04814814814814815
