0 0.5817708333333333 0.4203703703703704 0.014583333333333334 0.024074074074074074
0 0.62421875 0.4138888888888889 0.011979166666666666 0.022222222222222223
0 0.5033854166666667 0.4300925925925926 0.0203125 0.036111111111111115
0 0.6546875 0.4087962962962963 0.005208333333333333 0.017592592592592594
0 0.6463541666666667 0.41064814814814815 0.010416666666666666 0.017592592592592594
0 0.5309895833333333 0.42638888888888893 0.018229166666666668 0.032407407407407406
0 0.8223958333333333 0.4013888888888889 0.008333333333333333 0.01388888888888889
0 0.6057291666666667 0.41574074074074074 0.013541666666666667 0.02592592592592593
0 0.8486979166666666 0.40601851851851856 0.015104166666666667 0.021296296296296296
0 0.8828125 0.40925925925925927 0.030208333333333334 0.040740740740740744
0 0.8624999999999999 0.4115740740740741 0.009375 0.036111111111111115
