1 0.5276041666666667 0.38472222222222224 0.011458333333333333 0.03981481481481482
0 0.4466145833333333 0.36944444444444446 0.0078125 0.05740740740740741
1 0.5151041666666667 0.3851851851851852 0.013541666666666667 0.03888888888888889
1 0.2903645833333333 0.3805555555555556 0.0140625 0.04259259259259259
0 0.20911458333333333 0.3902777777777778 0.0067708333333333336 0.05277777777777778
0 0.19583333333333333 0.39351851851851855 0.019791666666666666 0.05185185185185186
1 0.2643229166666667 0.38287037037037036 0.011979166666666666 0.04166666666666667
1 0.45703125 0.38287037037037036 0.0140625 0.036111111111111115
0 0.09114583333333333 0.3939814814814815 0.017708333333333333 0.049074074074074076
0 0.21510416666666665 0.3842592592592593 0.009375 0.05185185185185186
1 0.27890625 0.3824074074074074 0.01614583333333333 0.04259259259259259
0 0.47760416666666666 0.3662037037037037 0.007291666666666667 0.0638888888888889
0 0.4309895833333333 0.3666666666666667 0.0109375 0.05
0 0.46119791666666665 0.3601851851851852 0.008854166666666666 0.044444444444444446
1 0.36744791666666665 0.3699074074074074 0.044270833333333336 0.09722222222222222
0 0.49713541666666666 0.36203703703703705 0.008854166666666666 0.07407407407407407
0 0.22161458333333334 0.3819444444444445 0.008854166666666666 0.049074074074074076
1 0.43072916666666666 0.38472222222222224 0.011458333333333333 0.028703703703703703
