1 0.575 0.37083333333333335 0.042708333333333334 0.1287037037037037
0 0.2875 0.34444444444444444 0.020833333333333332 0.0925925925925926
1 0.3609375 0.3689814814814815 0.035416666666666666 0.10462962962962963
0 0.3953125 0.32731481481481484 0.02395833333333333 0.1712962962962963
0 0.3177083333333333 0.3523148148148148 0.021875 0.11388888888888889
1 0.20390624999999998 0.375 0.019270833333333334 0.06296296296296297
1 0.29609375 0.3740740740740741 0.027604166666666666 0.07962962962962963
0 0.3533854166666667 0.34074074074074073 0.0234375 0.11111111111111112
0 0.44557291666666665 0.3180555555555556 0.028645833333333332 0.19907407407407407
4 0.08020833333333333 0.37592592592592594 0.04791666666666666 0.03333333333333333
