0 0.2598958333333333 0.49259259259259264 0.013541666666666667 0.02962962962962963
0 0.23932291666666666 0.49768518518518523 0.01614583333333333 0.028703703703703703
0 0.43255208333333334 0.4666666666666667 0.005729166666666666 0.016666666666666666
0 0.21171874999999998 0.5041666666666667 0.019270833333333334 0.028703703703703703
0 0.2828125 0.4865740740740741 0.009375 0.025
0 0.459375 0.4689814814814815 0.017708333333333333 0.028703703703703703
0 0.11640625 0.5236111111111111 0.04010416666666666 0.049074074074074076
0 0.29244791666666664 0.4847222222222222 0.0067708333333333336 0.02314814814814815
0 0.4421875 0.4671296296296297 0.008333333333333333 0.019444444444444445
0 0.44921875 0.46944444444444444 0.0067708333333333336 0.02777777777777778
0 0.14921875 0.5180555555555556 0.0234375 0.03796296296296296
