1 0.12057291666666667 0.36944444444444446 0.10260416666666666 0.27592592592592596
0 0.026041666666666668 0.4185185185185185 0.034375 0.0962962962962963
0 0.09791666666666667 0.28425925925925927 0.052083333333333336 0.2537037037037037
0 0.1484375 0.34120370370370373 0.034375 0.125
1 0.28854166666666664 0.40925925925925927 0.011458333333333333 0.02592592592592593
0 0.17838541666666666 0.35694444444444445 0.021354166666666667 0.10462962962962963
1 0.4239583333333333 0.40601851851851856 0.009375 0.032407407407407406
1 0.67421875 0.4046296296296297 0.0234375 0.06666666666666667
0 0.71640625 0.37453703703703706 0.024479166666666666 0.12685185185185185
1 0.3171875 0.39305555555555555 0.040625 0.1287037037037037
1 0.3442708333333333 0.4013888888888889 0.021875 0.08796296296296297
1 0.4361979166666667 0.40601851851851856 0.013020833333333334 0.032407407407407406
0 0.8541666666666666 0.33472222222222225 0.036458333333333336 0.21574074074074076
0 0.20026041666666666 0.36388888888888893 0.018229166666666668 0.07962962962962963
1 0.57265625 0.4027777777777778 0.0171875 0.04814814814814815
0 0.6346354166666667 0.3805555555555556 0.019270833333333334 0.1
0 0.6708333333333333 0.3731481481481482 0.020833333333333332 0.10370370370370371
1 0.7932291666666667 0.39583333333333337 0.03229166666666666 0.11388888888888889
0 0.7739583333333333 0.36944444444444446 0.03125 0.1462962962962963
