0 0.6200520833333333 0.45092592592592595 0.043229166666666666 0.06851851851851852
0 0.58984375 0.44537037037037036 0.015104166666666667 0.053703703703703705
0 0.2994791666666667 0.4175925925925926 0.017708333333333333 0.031481481481481485
0 0.553125 0.42592592592592593 0.0125 0.02962962962962963
0 0.18125 0.4222222222222222 0.030208333333333334 0.03518518518518519
0 0.5713541666666666 0.4310185185185185 0.021875 0.028703703703703703
4 0.53046875 0.4041666666666667 0.018229166666666668 0.010185185185185186
0 0.35885416666666664 0.41574074074074074 0.011458333333333333 0.022222222222222223
0 0.3458333333333333 0.41574074074074074 0.013541666666666667 0.020370370370370372
0 0.25416666666666665 0.41944444444444445 0.021875 0.03888888888888889
