0 0.07083333333333333 0.3541666666666667 0.022916666666666665 0.09537037037037037
0 0.52265625 0.3703703703703704 0.013020833333333334 0.07592592592592592
1 0.4315104166666667 0.3842592592592593 0.0140625 0.0462962962962963
1 0.26119791666666664 0.3768518518518519 0.018229166666666668 0.05
0 0.5447916666666667 0.36944444444444446 0.014583333333333334 0.08888888888888889
1 0.3424479166666667 0.3787037037037037 0.0109375 0.031481481481481485
1 0.23906249999999998 0.3712962962962963 0.02395833333333333 0.06851851851851852
0 0.007291666666666667 0.3476851851851852 0.013541666666666667 0.1212962962962963
1 0.5106770833333333 0.38703703703703707 0.0203125 0.05740740740740741
0 0.49973958333333335 0.3726851851851852 0.011979166666666666 0.07685185185185185
0 0.159375 0.3421296296296296 0.013541666666666667 0.06574074074074074
1 0.6190104166666667 0.38703703703703707 0.033854166666666664 0.07962962962962963
1 0.16458333333333333 0.3597222222222222 0.036458333333333336 0.10092592592592593
0 0.0921875 0.375 0.015625 0.044444444444444446
0 0.033854166666666664 0.3699074074074074 0.020833333333333332 0.04722222222222222
1 0.47812499999999997 0.38796296296296295 0.020833333333333332 0.04814814814814815
0 0.5765625 0.3541666666666667 0.022916666666666665 0.1287037037037037
0 0.48593749999999997 0.37222222222222223 0.011458333333333333 0.06666666666666667
0 0.1359375 0.33425925925925926 0.014583333333333334 0.07777777777777778
0 0.11562499999999999 0.3037037037037037 0.026041666666666668 0.13333333333333333
0 0.14713541666666666 0.33842592592592596 0.0140625 0.0712962962962963
1 0.6322916666666667 0.38981481481481484 0.020833333333333332 0.07777777777777778
