0 0.6684895833333333 0.35694444444444445 0.0078125 0.058333333333333334
0 0.6518229166666667 0.36574074074074076 0.009895833333333333 0.07407407407407407
1 0.4848958333333333 0.3851851851851852 0.013541666666666667 0.03518518518518519
0 0.7111979166666667 0.35879629629629634 0.015104166666666667 0.08796296296296297
1 0.5630208333333333 0.37962962962962965 0.030208333333333334 0.09074074074074075
1 0.6354166666666666 0.38981481481481484 0.0125 0.024074074074074074
1 0.496875 0.38333333333333336 0.017708333333333333 0.04259259259259259
0 0.421875 0.3995370370370371 0.014583333333333334 0.05648148148148149
0 0.6372395833333333 0.362962962962963 0.008854166666666666 0.05925925925925926
0 0.6875 0.3625 0.010416666666666666 0.08055555555555556
0 0.3453125 0.3995370370370371 0.013541666666666667 0.058333333333333334
1 0.5455729166666666 0.37962962962962965 0.0203125 0.08888888888888889
1 0.6622395833333333 0.38472222222222224 0.0140625 0.03796296296296296
