0 0.5184895833333333 0.3550925925925926 0.008854166666666666 0.05648148148148149
1 0.5825520833333333 0.3675925925925926 0.013020833333333334 0.044444444444444446
1 0.5966145833333333 0.3685185185185185 0.013020833333333334 0.04259259259259259
1 0.5252604166666667 0.3717592592592593 0.011979166666666666 0.036111111111111115
1 0.4356770833333333 0.3625 0.0234375 0.08796296296296297
1 0.35911458333333335 0.3666666666666667 0.024479166666666666 0.05555555555555556
0 0.54921875 0.35370370370370374 0.013020833333333334 0.053703703703703705
1 0.5020833333333333 0.3699074074074074 0.009375 0.026851851851851852
1 0.4171875 0.36064814814814816 0.028125 0.09166666666666667
0 0.5674479166666666 0.3462962962962963 0.011979166666666666 0.08333333333333334
0 0.26901041666666664 0.37962962962962965 0.019270833333333334 0.05925925925925926
0 0.5338541666666666 0.3560185185185185 0.008333333333333333 0.05648148148148149
0 0.5044270833333333 0.35370370370370374 0.008854166666666666 0.04814814814814815
0 0.1828125 0.3819444444444445 0.01875 0.058333333333333334
