0 0.7856770833333333 0.4365740740740741 0.0171875 0.025
0 0.50703125 0.42962962962962964 0.01614583333333333 0.02592592592592593
0 0.7552083333333334 0.42824074074074076 0.008333333333333333 0.017592592592592594
0 0.53359375 0.4222222222222222 0.0140625 0.024074074074074074
0 0.58828125 0.42453703703703705 0.005729166666666666 0.015740740740740743
0 0.4028645833333333 0.43333333333333335 0.0265625 0.037037037037037035
0 0.76953125 0.4365740740740741 0.0109375 0.021296296296296296
0 0.8026041666666667 0.44583333333333336 0.014583333333333334 0.04537037037037037
0 0.440625 0.43194444444444446 0.022916666666666665 0.036111111111111115
0 0.5796875 0.4240740740740741 0.011458333333333333 0.016666666666666666
0 0.5557291666666666 0.4240740740740741 0.011458333333333333 0.020370370370370372
0 0.8247395833333333 0.4449074074074074 0.03177083333333333 0.049074074074074076
