0 0.10625 0.3819444444444445 0.008333333333333333 0.03425925925925926
1 0.3653645833333333 0.3791666666666667 0.0067708333333333336 0.032407407407407406
1 0.3515625 0.37777777777777777 0.013541666666666667 0.0462962962962963
0 0.271875 0.3842592592592593 0.008333333333333333 0.02962962962962963
0 0.5640625 0.3666666666666667 0.010416666666666666 0.061111111111111116
1 0.5984375 0.3787037037037037 0.015625 0.05185185185185186
1 0.5182291666666666 0.38287037037037036 0.011458333333333333 0.03796296296296296
0 0.5747395833333333 0.3662037037037037 0.013020833333333334 0.06574074074074074
0 0.5411458333333333 0.3717592592592593 0.007291666666666667 0.05277777777777778
0 0.22994791666666667 0.37222222222222223 0.011979166666666666 0.061111111111111116
0 0.5526041666666667 0.3680555555555556 0.009375 0.06018518518518519
1 0.5294270833333333 0.37962962962962965 0.015104166666666667 0.044444444444444446
1 0.5869791666666666 0.37962962962962965 0.014583333333333334 0.05
0 0.590625 0.33472222222222225 0.013541666666666667 0.05648148148148149
0 0.09661458333333334 0.38981481481481484 0.0171875 0.0462962962962963
0 0.18828125 0.3712962962962963 0.0140625 0.06666666666666667
1 0.30416666666666664 0.3736111111111111 0.01875 0.05462962962962963
0 0.14166666666666666 0.36064814814814816 0.007291666666666667 0.05462962962962963
1 0.37135416666666665 0.3805555555555556 0.0125 0.03518518518518519
0 0.2596354166666667 0.3736111111111111 0.0109375 0.05277777777777778
1 0.15598958333333332 0.3625 0.0453125 0.125
1 0.17265625 0.36944444444444446 0.022395833333333334 0.10740740740740741
