4 0.9533854166666667 0.46990740740740744 0.0921875 0.08425925925925926
4 0.61328125 0.4467592592592593 0.1046875 0.09166666666666667
4 0.4552083333333333 0.4569444444444445 0.20520833333333333 0.14722222222222223
4 0.22734374999999998 0.4615740740740741 0.29322916666666665 0.19907407407407407
4 0.07760416666666667 0.4939814814814815 0.15520833333333334 0.11388888888888889
2 0.4458333333333333 0.34490740740740744 0.057291666666666664 0.20277777777777778
2 0.49583333333333335 0.3615740740740741 0.0375 0.1712962962962963
2 0.5291666666666667 0.35324074074074074 0.052083333333333336 0.21574074074074076
2 0.5690104166666666 0.37777777777777777 0.021354166666666667 0.10185185185185186
2 0.5744791666666667 0.3837962962962963 0.04375 0.11388888888888889
