0 0.8705729166666667 0.4449074074074074 0.028645833333333332 0.06018518518518519
0 0.571875 0.4203703703703704 0.005208333333333333 0.022222222222222223
0 0.8010416666666667 0.42824074074074076 0.016666666666666666 0.02314814814814815
0 0.8351562499999999 0.44074074074074077 0.0234375 0.0462962962962963
0 0.52734375 0.42314814814814816 0.019270833333333334 0.037037037037037035
0 0.09010416666666667 0.46990740740740744 0.08541666666666667 0.13055555555555556
0 0.4940104166666667 0.4236111111111111 0.021354166666666667 0.03796296296296296
0 0.9247395833333333 0.45416666666666666 0.0390625 0.06018518518518519
0 0.2609375 0.4532407407407408 0.058333333333333334 0.08796296296296297
0 0.5604166666666667 0.42129629629629634 0.014583333333333334 0.022222222222222223
0 0.44088541666666664 0.4314814814814815 0.028645833333333332 0.044444444444444446
0 0.7888020833333333 0.42685185185185187 0.008854166666666666 0.02592592592592593
