0 0.3653645833333333 0.5222222222222223 0.0203125 0.03333333333333333
0 0.515625 0.5064814814814815 0.009375 0.014814814814814815
0 0.4671875 0.5101851851851852 0.0125 0.02592592592592593
0 0.5247395833333334 0.5069444444444444 0.0067708333333333336 0.017592592592592594
0 0.43723958333333335 0.5157407407407407 0.015104166666666667 0.02592592592592593
0 0.7315104166666666 0.5194444444444445 0.027604166666666666 0.04259259259259259
0 0.48984374999999997 0.5087962962962963 0.0109375 0.021296296296296296
0 0.3229166666666667 0.5277777777777778 0.028125 0.04259259259259259
0 0.7140625 0.5180555555555556 0.010416666666666666 0.036111111111111115
0 0.7015625 0.513425925925926 0.014583333333333334 0.025
0 0.6815104166666667 0.5074074074074074 0.005729166666666666 0.016666666666666666
