0 0.4317708333333333 0.4050925925925926 0.014583333333333334 0.05277777777777778
0 0.659375 0.3699074074074074 0.010416666666666666 0.07314814814814816
0 0.35625 0.4027777777777778 0.015625 0.05185185185185186
1 0.5669270833333333 0.3851851851851852 0.027604166666666666 0.08333333333333334
1 0.6713541666666667 0.3888888888888889 0.011458333333333333 0.03888888888888889
0 0.6955729166666667 0.3648148148148148 0.013020833333333334 0.07962962962962963
0 0.7169270833333333 0.3625 0.0140625 0.08981481481481482
1 0.5825520833333333 0.3851851851851852 0.015104166666666667 0.07777777777777778
0 0.6458333333333334 0.3703703703703704 0.010416666666666666 0.04814814814814815
0 0.6770833333333334 0.3578703703703704 0.011458333333333333 0.05648148148148149
