1 0.2799479166666667 0.3824074074074074 0.04635416666666667 0.13148148148148148
1 0.50546875 0.37453703703703706 0.0609375 0.20277777777777778
1 0.890625 0.3824074074074074 0.059375 0.19814814814814816
0 0.25885416666666666 0.34953703703703703 0.03333333333333333 0.1564814814814815
0 0.32838541666666665 0.34490740740740744 0.0359375 0.1787037037037037
0 0.2 0.3509259259259259 0.03229166666666666 0.1537037037037037
0 0.5169270833333334 0.28564814814814815 0.034895833333333334 0.2638888888888889
1 0.07317708333333334 0.37777777777777777 0.04010416666666666 0.10925925925925926
0 0.4125 0.3388888888888889 0.0375 0.2
1 0.95 0.38101851851851853 0.08541666666666667 0.22314814814814815
