0 0.35703125 0.44953703703703707 0.008854166666666666 0.01388888888888889
0 0.25390625 0.4569444444444445 0.019270833333333334 0.030555555555555558
0 0.5026041666666666 0.4569444444444445 0.00625 0.015740740740740743
0 0.3216145833333333 0.4518518518518519 0.011979166666666666 0.022222222222222223
0 0.3645833333333333 0.44953703703703707 0.005208333333333333 0.01388888888888889
0 0.22994791666666667 0.45555555555555555 0.021354166666666667 0.03333333333333333
0 0.33828125 0.45092592592592595 0.0109375 0.020370370370370372
0 0.4966145833333333 0.45555555555555555 0.005729166666666666 0.014814814814814815
0 0.3015625 0.4537037037037037 0.014583333333333334 0.020370370370370372
0 0.5171875 0.45925925925925926 0.016666666666666666 0.02962962962962963
0 0.4921875 0.4527777777777778 0.003125 0.012962962962962964
0 0.5072916666666667 0.45972222222222225 0.003125 0.02314814814814815
