0 0.3921875 0.3611111111111111 0.003125 0.005555555555555556
0 0.3458333333333333 0.3564814814814815 0.004166666666666667 0.007407407407407408
0 0.55078125 0.3675925925925926 0.011979166666666666 0.05555555555555556
0 0.5739583333333333 0.3703703703703704 0.0125 0.05740740740740741
0 0.36432291666666666 0.35185185185185186 0.0109375 0.06666666666666667
0 0.6619791666666667 0.3773148148148148 0.013541666666666667 0.05462962962962963
0 0.6317708333333333 0.3736111111111111 0.010416666666666666 0.05277777777777778
0 0.3580729166666667 0.34953703703703703 0.0046875 0.0638888888888889
0 0.47682291666666665 0.3611111111111111 0.0109375 0.061111111111111116
0 0.46119791666666665 0.3592592592592593 0.009895833333333333 0.05925925925925926
