1 0.025520833333333333 0.3819444444444445 0.04375 0.10277777777777779
1 0.4184895833333333 0.4013888888888889 0.0203125 0.06759259259259259
1 0.26848958333333334 0.39814814814814814 0.005729166666666666 0.02592592592592593
1 0.0984375 0.38842592592592595 0.027083333333333334 0.0712962962962963
1 0.1171875 0.3902777777777778 0.010416666666666666 0.028703703703703703
0 0.44869791666666664 0.3824074074074074 0.0171875 0.0925925925925926
1 0.13932291666666666 0.39212962962962966 0.008854166666666666 0.026851851851851852
1 0.46119791666666665 0.3995370370370371 0.025520833333333333 0.08240740740740742
0 0.5041666666666667 0.3791666666666667 0.021875 0.11203703703703705
1 0.2747395833333333 0.39814814814814814 0.009895833333333333 0.02777777777777778
0 0.4747395833333333 0.3805555555555556 0.0171875 0.10185185185185186
1 0.6270833333333333 0.4050925925925926 0.03854166666666667 0.10462962962962963
0 0.5424479166666667 0.35879629629629634 0.024479166666666666 0.1638888888888889
1 0.3625 0.40092592592592596 0.015625 0.05185185185185186
1 0.28854166666666664 0.4 0.007291666666666667 0.022222222222222223
0 0.428125 0.3842592592592593 0.014583333333333334 0.08703703703703704
