0 0.7588541666666666 0.39537037037037037 0.020833333333333332 0.11666666666666667
0 0.97265625 0.4287037037037037 0.01614583333333333 0.040740740740740744
0 0.49374999999999997 0.4138888888888889 0.028125 0.08703703703703704
1 0.6958333333333333 0.37083333333333335 0.10416666666666667 0.30648148148148147
0 0.83046875 0.3995370370370371 0.0234375 0.10462962962962963
0 0.9005208333333333 0.40370370370370373 0.026041666666666668 0.09444444444444444
0 0.9197916666666667 0.42314814814814816 0.014583333333333334 0.040740740740740744
1 0.7239583333333334 0.3773148148148148 0.07083333333333333 0.27314814814814814
0 0.44296874999999997 0.40925925925925927 0.0234375 0.07407407407407407
0 0.534375 0.41481481481481486 0.02395833333333333 0.07777777777777778
0 0.9544270833333334 0.4078703703703704 0.0234375 0.08240740740740742
