1 0.528125 0.3888888888888889 0.013541666666666667 0.03333333333333333
0 0.19244791666666666 0.39861111111111114 0.018229166666666668 0.05648148148148149
0 0.5088541666666666 0.3763888888888889 0.008333333333333333 0.049074074074074076
0 0.28984375 0.39814814814814814 0.0109375 0.044444444444444446
0 0.27447916666666666 0.40092592592592596 0.017708333333333333 0.05185185185185186
0 0.5364583333333334 0.36944444444444446 0.010416666666666666 0.05185185185185186
0 0.5526041666666667 0.3740740740740741 0.010416666666666666 0.05740740740740741
0 0.5697916666666667 0.3680555555555556 0.009375 0.08055555555555556
1 0.5096354166666667 0.38981481481481484 0.0078125 0.02777777777777778
1 0.3651041666666667 0.3990740740740741 0.028125 0.024074074074074074
1 0.41796875 0.38287037037037036 0.033854166666666664 0.08425925925925926
0 0.52109375 0.3763888888888889 0.0078125 0.05092592592592593
