0 0.8947916666666667 0.4810185185185185 0.08229166666666667 0.125
0 0.025 0.4902777777777778 0.05 0.08055555555555556
0 0.8140625 0.4652777777777778 0.05520833333333333 0.08055555555555556
0 0.7286458333333333 0.44537037037037036 0.03125 0.05
0 0.6708333333333333 0.4310185185185185 0.016666666666666666 0.025
0 0.28098958333333335 0.45925925925925926 0.03177083333333333 0.05
0 0.35625 0.4444444444444445 0.021875 0.03333333333333333
0 0.40338541666666666 0.4430555555555556 0.0171875 0.028703703703703703
0 0.45026041666666666 0.44027777777777777 0.013020833333333334 0.021296296296296296
0 0.4630208333333333 0.437962962962963 0.008333333333333333 0.022222222222222223
