0 0.012760416666666666 0.49212962962962964 0.025520833333333333 0.13240740740740742
0 0.3619791666666667 0.44074074074074077 0.021875 0.05185185185185186
0 0.65546875 0.4398148148148148 0.0171875 0.040740740740740744
0 0.42109375 0.4291666666666667 0.0140625 0.02314814814814815
0 0.63046875 0.4314814814814815 0.013020833333333334 0.024074074074074074
0 0.13984375 0.4689814814814815 0.059895833333333336 0.08981481481481482
0 0.68203125 0.4388888888888889 0.0203125 0.044444444444444446
0 0.9385416666666666 0.47962962962962963 0.065625 0.09074074074074075
0 0.3921875 0.4342592592592593 0.017708333333333333 0.0462962962962963
0 0.7205729166666667 0.4425925925925926 0.0265625 0.044444444444444446
0 0.8390624999999999 0.46342592592592596 0.05 0.06944444444444445
0 0.31276041666666665 0.4412037037037037 0.0296875 0.05462962962962963
0 0.43255208333333334 0.4300925925925926 0.0067708333333333336 0.02314814814814815
0 0.6203125 0.4300925925925926 0.007291666666666667 0.025
