1 0.7421875 0.4305555555555556 0.0125 0.040740740740740744
1 0.7330729166666666 0.4310185185185185 0.0140625 0.03981481481481482
0 0.6619791666666667 0.40694444444444444 0.011458333333333333 0.04351851851851852
0 0.6356770833333333 0.4101851851851852 0.013020833333333334 0.0462962962962963
1 0.6630208333333333 0.4273148148148148 0.016666666666666666 0.032407407407407406
0 0.6489583333333333 0.40925925925925927 0.011458333333333333 0.0462962962962963
0 0.4375 0.4430555555555556 0.008333333333333333 0.08981481481481482
1 0.56171875 0.41944444444444445 0.0296875 0.08333333333333334
0 0.6828125 0.40601851851851856 0.01875 0.04537037037037037
1 0.49322916666666666 0.4300925925925926 0.035416666666666666 0.021296296296296296
1 0.5986979166666666 0.42685185185185187 0.009895833333333333 0.02777777777777778
0 0.34479166666666666 0.4203703703703704 0.014583333333333334 0.05185185185185186
0 0.7080729166666666 0.40370370370370373 0.015104166666666667 0.08888888888888889
1 0.6380208333333334 0.42314814814814816 0.011458333333333333 0.031481481481481485
0 0.421875 0.4532407407407408 0.022916666666666665 0.11203703703703705
