0 0.34921875 0.41481481481481486 0.0140625 0.02592592592592593
0 0.32057291666666665 0.41111111111111115 0.011979166666666666 0.016666666666666666
0 0.06822916666666666 0.41250000000000003 0.019791666666666666 0.028703703703703703
0 0.37578125 0.41620370370370374 0.01614583333333333 0.030555555555555558
0 0.49713541666666666 0.4300925925925926 0.027604166666666666 0.04351851851851852
0 0.08203125 0.41111111111111115 0.005729166666666666 0.022222222222222223
0 0.03619791666666666 0.4185185185185185 0.0265625 0.03888888888888889
0 0.55 0.4342592592592593 0.03125 0.05555555555555556
0 0.011197916666666667 0.42083333333333334 0.018229166666666668 0.04166666666666667
0 0.4114583333333333 0.42314814814814816 0.021875 0.03518518518518519
0 0.30963541666666666 0.41064814814814815 0.005729166666666666 0.015740740740740743
