0 0.3325520833333333 0.39675925925925926 0.0140625 0.049074074074074076
1 0.5604166666666667 0.3851851851851852 0.03229166666666666 0.07222222222222223
0 0.70703125 0.3523148148148148 0.0140625 0.08796296296296297
0 0.6346354166666667 0.36712962962962964 0.011979166666666666 0.05277777777777778
1 0.6591145833333333 0.3773148148148148 0.013020833333333334 0.03796296296296296
1 0.48932291666666666 0.38657407407407407 0.0265625 0.03425925925925926
0 0.6661458333333333 0.3615740740740741 0.010416666666666666 0.058333333333333334
0 0.6489583333333333 0.36574074074074076 0.014583333333333334 0.05925925925925926
0 0.6841145833333333 0.3574074074074074 0.011979166666666666 0.06296296296296297
0 0.41171874999999997 0.3944444444444445 0.0203125 0.05555555555555556
1 0.63515625 0.3856481481481482 0.0109375 0.032407407407407406
