0 0.26067708333333334 0.3560185185185185 0.024479166666666666 0.08611111111111111
1 0.6692708333333334 0.38703703703703707 0.022916666666666665 0.07777777777777778
0 0.048177083333333336 0.37592592592592594 0.0265625 0.1277777777777778
0 0.7049479166666667 0.3666666666666667 0.0203125 0.10740740740740741
0 0.06666666666666667 0.40555555555555556 0.009375 0.05925925925925926
0 0.2864583333333333 0.3601851851851852 0.01875 0.07777777777777778
1 0.6059895833333333 0.3912037037037037 0.018229166666666668 0.05648148148148149
0 0.78125 0.35555555555555557 0.030208333333333334 0.1425925925925926
0 0.83671875 0.32222222222222224 0.0390625 0.21481481481481482
0 0.68203125 0.36944444444444446 0.0171875 0.1
1 0.72890625 0.38333333333333336 0.0359375 0.1
0 0.22942708333333334 0.3490740740740741 0.028645833333333332 0.10185185185185186
1 0.9841145833333333 0.3925925925925926 0.030729166666666665 0.13148148148148148
1 0.3890625 0.3907407407407408 0.0125 0.05555555555555556
0 0.7403645833333333 0.35833333333333334 0.021354166666666667 0.11666666666666667
1 0.315625 0.3837962962962963 0.03125 0.09351851851851853
1 0.37473958333333335 0.39212962962962966 0.021354166666666667 0.058333333333333334
0 0.18671875 0.31666666666666665 0.034895833333333334 0.16666666666666669
1 0.12213541666666666 0.37453703703703706 0.06302083333333333 0.15833333333333333
