0 0.7885416666666667 0.33981481481481485 0.021875 0.12592592592592594
0 0.06666666666666667 0.40370370370370373 0.029166666666666667 0.07592592592592592
0 0.7244791666666667 0.3592592592592593 0.014583333333333334 0.07222222222222223
1 0.82578125 0.37592592592592594 0.018229166666666668 0.05925925925925926
0 0.7421875 0.3560185185185185 0.014583333333333334 0.075
1 0.71015625 0.37777777777777777 0.01614583333333333 0.05555555555555556
0 0.4203125 0.3425925925925926 0.014583333333333334 0.08888888888888889
0 0.022916666666666665 0.4050925925925926 0.03958333333333333 0.09166666666666667
1 0.6518229166666667 0.3814814814814815 0.008854166666666666 0.031481481481481485
1 0.49296875 0.3791666666666667 0.01614583333333333 0.04537037037037037
1 0.2916666666666667 0.36574074074074076 0.05625 0.17407407407407408
0 0.21770833333333334 0.39814814814814814 0.02395833333333333 0.05925925925925926
1 0.6880208333333333 0.37777777777777777 0.0125 0.03888888888888889
1 0.8020833333333334 0.3736111111111111 0.025 0.0638888888888889
0 0.7091145833333333 0.3574074074074074 0.0109375 0.061111111111111116
1 0.4484375 0.3768518518518519 0.01875 0.06296296296296297
0 0.23645833333333333 0.38796296296296295 0.013541666666666667 0.044444444444444446
1 0.34869791666666666 0.3689814814814815 0.05260416666666667 0.16574074074074074
0 0.7619791666666667 0.35879629629629634 0.015625 0.08425925925925926
1 0.5096354166666667 0.38101851851851853 0.009895833333333333 0.03981481481481482
0 0.39947916666666666 0.37824074074074077 0.013541666666666667 0.058333333333333334
