0 0.71328125 0.5356481481481482 0.013020833333333334 0.017592592592592594
0 0.4903645833333333 0.5106481481481482 0.011979166666666666 0.021296296296296296
0 0.47552083333333334 0.5083333333333333 0.01875 0.02962962962962963
0 0.51875 0.5092592592592593 0.0125 0.018518518518518517
0 0.72265625 0.5416666666666667 0.0067708333333333336 0.022222222222222223
0 0.5333333333333333 0.5087962962962963 0.009375 0.017592592592592594
0 0.6989583333333333 0.5324074074074074 0.005208333333333333 0.016666666666666666
0 0.7041666666666666 0.5342592592592593 0.00625 0.016666666666666666
0 0.5588541666666667 0.5111111111111112 0.008333333333333333 0.012962962962962964
0 0.7333333333333333 0.5425925925925926 0.017708333333333333 0.02962962962962963
0 0.5442708333333334 0.5101851851851852 0.008333333333333333 0.016666666666666666
0 0.6927083333333334 0.5310185185185186 0.008333333333333333 0.015740740740740743
