0 0.934375 0.46342592592592596 0.034375 0.04537037037037037
0 0.5161458333333333 0.4810185185185185 0.022916666666666665 0.03796296296296296
0 0.6643229166666667 0.4615740740740741 0.0109375 0.017592592592592594
0 0.62265625 0.46620370370370373 0.013020833333333334 0.02314814814814815
0 0.5458333333333333 0.47824074074074074 0.01875 0.028703703703703703
0 0.6416666666666666 0.46342592592592596 0.0125 0.021296296296296296
0 0.8875 0.45972222222222225 0.021875 0.025
0 0.9098958333333333 0.46435185185185185 0.014583333333333334 0.03981481481481482
0 0.8520833333333333 0.4550925925925926 0.011458333333333333 0.01388888888888889
0 0.5986979166666666 0.4708333333333333 0.015104166666666667 0.025
