0 0.6104166666666666 0.3680555555555556 0.0125 0.058333333333333334
1 0.6072916666666667 0.3888888888888889 0.014583333333333334 0.024074074074074074
1 0.67578125 0.38703703703703707 0.0171875 0.03518518518518519
0 0.58046875 0.3736111111111111 0.009895833333333333 0.04722222222222222
1 0.44166666666666665 0.3842592592592593 0.034375 0.04259259259259259
0 0.36276041666666664 0.39305555555555555 0.0171875 0.0638888888888889
1 0.54609375 0.38981481481481484 0.0109375 0.018518518518518517
0 0.59375 0.3712962962962963 0.010416666666666666 0.05185185185185186
0 0.3734375 0.3902777777777778 0.010416666666666666 0.036111111111111115
0 0.6484375 0.35879629629629634 0.013541666666666667 0.08425925925925926
1 0.5057291666666667 0.3787037037037037 0.03229166666666666 0.08703703703703704
1 0.5122395833333333 0.37962962962962965 0.0265625 0.07962962962962963
0 0.2825520833333333 0.39537037037037037 0.0171875 0.05555555555555556
0 0.6276041666666666 0.3685185185185185 0.013541666666666667 0.06296296296296297
1 0.5817708333333333 0.3902777777777778 0.009375 0.021296296296296296
1 0.6736979166666667 0.3907407407407408 0.013020833333333334 0.02962962962962963
