0 0.18359375 0.5032407407407408 0.0390625 0.05277777777777778
0 0.050520833333333334 0.5745370370370371 0.096875 0.1712962962962963
0 0.21380208333333334 0.4902777777777778 0.0203125 0.04537037037037037
0 0.7036458333333333 0.4814814814814815 0.03333333333333333 0.04814814814814815
0 0.79453125 0.48379629629629634 0.043229166666666666 0.062037037037037036
0 0.42994791666666665 0.4703703703703704 0.0109375 0.016666666666666666
0 0.48046875 0.47175925925925927 0.015104166666666667 0.025
0 0.5174479166666667 0.47314814814814815 0.0171875 0.03333333333333333
0 0.56953125 0.47361111111111115 0.022395833333333334 0.03425925925925926
0 0.12734375 0.5398148148148149 0.0546875 0.10740740740740741
0 0.22838541666666667 0.47962962962962963 0.008854166666666666 0.024074074074074074
0 0.44166666666666665 0.4689814814814815 0.0125 0.019444444444444445
