0 0.5674479166666666 0.4314814814814815 0.0026041666666666665 0.012962962962962964
0 0.69140625 0.4365740740740741 0.005729166666666666 0.015740740740740743
0 0.5622395833333333 0.4310185185185185 0.0067708333333333336 0.012037037037037037
0 0.6963541666666666 0.437962962962963 0.004166666666666667 0.018518518518518517
0 0.49557291666666664 0.4351851851851852 0.013020833333333334 0.020370370370370372
0 0.5505208333333333 0.4314814814814815 0.00625 0.014814814814814815
0 0.70390625 0.4365740740740741 0.011979166666666666 0.019444444444444445
0 0.5072916666666667 0.43472222222222223 0.009375 0.021296296296296296
0 0.6838541666666667 0.43472222222222223 0.003125 0.012037037037037037
0 0.5403645833333334 0.4310185185185185 0.0078125 0.015740740740740743
0 0.52890625 0.4324074074074074 0.0078125 0.016666666666666666
0 0.68125 0.43472222222222223 0.0020833333333333333 0.012037037037037037
