0 0.7794270833333333 0.34074074074074073 0.03177083333333333 0.15
0 0.6572916666666666 0.3574074074074074 0.02395833333333333 0.11666666666666667
0 0.6161458333333333 0.36203703703703705 0.019791666666666666 0.10370370370370371
1 0.56015625 0.39351851851851855 0.0171875 0.0462962962962963
1 0.68203125 0.37824074074074077 0.0296875 0.0787037037037037
1 0.3809895833333333 0.39537037037037037 0.005729166666666666 0.020370370370370372
1 0.26796875 0.3902777777777778 0.018229166666666668 0.06759259259259259
1 0.3013020833333333 0.3861111111111111 0.049479166666666664 0.1574074074074074
1 0.07369791666666667 0.3652777777777778 0.14739583333333334 0.5194444444444445
0 0.06979166666666667 0.325 0.03854166666666667 0.16111111111111112
0 0.7098958333333333 0.3513888888888889 0.027083333333333334 0.13240740740740742
0 0.1484375 0.3611111111111111 0.010416666666666666 0.08518518518518518
0 0.10442708333333334 0.3388888888888889 0.024479166666666666 0.14444444444444446
1 0.8440104166666667 0.3652777777777778 0.043229166666666666 0.125
0 0.8744791666666667 0.3027777777777778 0.03958333333333333 0.2351851851851852
1 0.39036458333333335 0.39583333333333337 0.009895833333333333 0.02314814814814815
0 0.02421875 0.2601851851851852 0.0484375 0.3388888888888889
1 0.31276041666666665 0.4050925925925926 0.024479166666666666 0.09166666666666667
4 0.37109375 0.39537037037037037 0.0067708333333333336 0.020370370370370372
0 0.13203125 0.350462962962963 0.01614583333333333 0.1175925925925926
