4 0.43359375 0.4027777777777778 0.034895833333333334 0.020370370370370372
0 0.76015625 0.4851851851851852 0.0640625 0.1
0 0.5244791666666666 0.4314814814814815 0.017708333333333333 0.03333333333333333
0 0.010416666666666666 0.43472222222222223 0.020833333333333332 0.06944444444444445
0 0.2453125 0.41435185185185186 0.019791666666666666 0.026851851851851852
0 0.59765625 0.4449074074074074 0.0296875 0.04722222222222222
0 0.928125 0.5212962962962964 0.10208333333333333 0.15185185185185185
0 0.48723958333333334 0.4240740740740741 0.0067708333333333336 0.022222222222222223
0 0.18697916666666667 0.41805555555555557 0.027083333333333334 0.04166666666666667
0 0.49765624999999997 0.42453703703703705 0.0140625 0.02314814814814815
0 0.5520833333333334 0.4337962962962963 0.020833333333333332 0.03796296296296296
0 0.26145833333333335 0.4138888888888889 0.010416666666666666 0.02592592592592593
0 0.11901041666666666 0.4175925925925926 0.03802083333333333 0.053703703703703705
