0 0.22369791666666666 0.4361111111111111 0.0265625 0.044444444444444446
0 0.5778645833333333 0.4277777777777778 0.0203125 0.03333333333333333
0 0.5361979166666666 0.4217592592592593 0.0140625 0.025
0 0.6002604166666666 0.4273148148148148 0.0234375 0.03796296296296296
0 0.2739583333333333 0.42638888888888893 0.019791666666666666 0.030555555555555558
0 0.325 0.4185185185185185 0.011458333333333333 0.020370370370370372
0 0.5044270833333333 0.4175925925925926 0.009895833333333333 0.020370370370370372
0 0.5184895833333333 0.4189814814814815 0.011979166666666666 0.02314814814814815
0 0.48776041666666664 0.4185185185185185 0.0109375 0.018518518518518517
0 0.18984375 0.4375 0.03697916666666667 0.05462962962962963
