0 0.21770833333333334 0.3731481481481482 0.021875 0.12222222222222223
1 0.4088541666666667 0.40694444444444444 0.013541666666666667 0.07314814814814816
0 0.14869791666666665 0.3402777777777778 0.05364583333333333 0.1953703703703704
0 0.7208333333333333 0.40092592592592596 0.021875 0.11481481481481481
4 0.4453125 0.42962962962962964 0.017708333333333333 0.022222222222222223
1 0.3098958333333333 0.4236111111111111 0.009375 0.026851851851851852
0 0.7739583333333333 0.3962962962962963 0.026041666666666668 0.12962962962962962
1 0.39375 0.41435185185185186 0.052083333333333336 0.1824074074074074
1 0.07630208333333333 0.4356481481481482 0.15260416666666665 0.8712962962962963
1 0.3268229166666667 0.425462962962963 0.008854166666666666 0.026851851851851852
0 0.9385416666666666 0.38796296296296295 0.042708333333333334 0.17592592592592593
0 0.19140625 0.35879629629629634 0.0328125 0.15092592592592594
1 0.6604166666666667 0.42685185185185187 0.022916666666666665 0.07037037037037037
0 0.23619791666666667 0.3819444444444445 0.01614583333333333 0.10092592592592593
0 0.09348958333333333 0.2555555555555556 0.057812499999999996 0.3685185185185185
1 0.45703125 0.4277777777777778 0.0109375 0.02777777777777778
1 0.8174479166666666 0.4291666666666667 0.0359375 0.09166666666666667
0 0.8453125 0.3939814814814815 0.03125 0.1527777777777778
