1 0.6567708333333333 0.39490740740740743 0.02395833333333333 0.06944444444444445
1 0.7661458333333333 0.39166666666666666 0.010416666666666666 0.024074074074074074
1 0.93125 0.38703703703703707 0.008333333333333333 0.031481481481481485
1 0.7466145833333333 0.3912037037037037 0.009895833333333333 0.025
0 0.5026041666666666 0.35555555555555557 0.029166666666666667 0.10925925925925926
0 0.04921875 0.3902777777777778 0.0390625 0.18055555555555555
0 0.37265625 0.41712962962962963 0.019270833333333334 0.06018518518518519
0 0.44765625 0.3180555555555556 0.033854166666666664 0.17314814814814816
0 0.5997395833333333 0.3652777777777778 0.021354166666666667 0.0787037037037037
1 0.5567708333333333 0.39583333333333337 0.036458333333333336 0.10648148148148148
1 0.68359375 0.39305555555555555 0.018229166666666668 0.05648148148148149
1 0.9497395833333333 0.38703703703703707 0.015104166666666667 0.037037037037037035
0 0.5440104166666666 0.3560185185185185 0.024479166666666666 0.08796296296296297
1 0.2890625 0.3861111111111111 0.058333333333333334 0.1814814814814815
1 0.9203125 0.38703703703703707 0.0125 0.02962962962962963
0 0.5723958333333333 0.3615740740740741 0.02395833333333333 0.08611111111111111
