0 0.49583333333333335 0.4185185185185185 0.00625 0.016666666666666666
0 0.18697916666666667 0.4416666666666667 0.040625 0.04814814814814815
0 0.32890625 0.4273148148148148 0.024479166666666666 0.036111111111111115
0 0.5059895833333333 0.41805555555555557 0.005729166666666666 0.015740740740740743
0 0.2716145833333333 0.43333333333333335 0.033854166666666664 0.03888888888888889
0 0.053906249999999996 0.4513888888888889 0.05677083333333333 0.05648148148148149
0 0.45078124999999997 0.41944444444444445 0.0109375 0.02962962962962963
0 0.5893229166666667 0.4518518518518519 0.0546875 0.07407407407407407
0 0.42890625 0.4203703703703704 0.013020833333333334 0.03333333333333333
0 0.48333333333333334 0.4189814814814815 0.008333333333333333 0.021296296296296296
0 0.46875 0.4185185185185185 0.009375 0.024074074074074074
