1 0.4309895833333333 0.38842592592592595 0.013020833333333334 0.036111111111111115
0 0.4388020833333333 0.3736111111111111 0.0109375 0.05277777777777778
0 0.42265625 0.3768518518518519 0.008854166666666666 0.053703703703703705
0 0.039322916666666666 0.39722222222222225 0.0234375 0.06481481481481481
0 0.47239583333333335 0.36342592592592593 0.010416666666666666 0.08240740740740742
1 0.3364583333333333 0.37777777777777777 0.017708333333333333 0.08518518518518518
1 0.31484375 0.3763888888888889 0.024479166666666666 0.08981481481481482
0 0.14713541666666666 0.39814814814814814 0.021354166666666667 0.061111111111111116
0 0.40963541666666664 0.3703703703703704 0.0078125 0.044444444444444446
0 0.4549479166666667 0.3740740740740741 0.0109375 0.05925925925925926
1 0.24687499999999998 0.38101851851851853 0.021875 0.049074074074074076
