1 0.5174479166666667 0.3842592592592593 0.0109375 0.02592592592592593
1 0.40703125 0.37083333333333335 0.027604166666666666 0.08611111111111111
1 0.5721354166666667 0.37962962962962965 0.011979166666666666 0.03888888888888889
1 0.46249999999999997 0.38333333333333336 0.009375 0.020370370370370372
0 0.18020833333333333 0.3824074074074074 0.017708333333333333 0.05555555555555556
0 0.52421875 0.36712962962962964 0.0109375 0.06018518518518519
0 0.27369791666666665 0.3824074074074074 0.013020833333333334 0.037037037037037035
0 0.5388020833333333 0.3680555555555556 0.0109375 0.06574074074074074
0 0.5583333333333333 0.3578703703703704 0.0125 0.08055555555555556
1 0.5846354166666666 0.38333333333333336 0.011979166666666666 0.040740740740740744
1 0.3453125 0.3763888888888889 0.016666666666666666 0.03981481481481482
0 0.51015625 0.36574074074074076 0.009895833333333333 0.05555555555555556
0 0.4979166666666667 0.3717592592592593 0.011458333333333333 0.03425925925925926
1 0.4942708333333333 0.3842592592592593 0.011458333333333333 0.022222222222222223
1 0.42265625 0.3717592592592593 0.022395833333333334 0.08981481481481482
1 0.36015625 0.37592592592592594 0.011979166666666666 0.03518518518518519
0 0.28046875 0.38287037037037036 0.011979166666666666 0.032407407407407406
0 0.26197916666666665 0.3856481481481482 0.020833333333333332 0.049074074074074076
