0 0.2203125 0.44027777777777777 0.035416666666666666 0.05462962962962963
0 0.7481770833333333 0.42962962962962964 0.03697916666666667 0.05555555555555556
0 0.4348958333333333 0.41805555555555557 0.014583333333333334 0.026851851851851852
0 0.4635416666666667 0.4185185185185185 0.0125 0.02777777777777778
0 0.2908854166666667 0.4375 0.025520833333333333 0.04166666666666667
0 0.70546875 0.4175925925925926 0.0203125 0.02777777777777778
0 0.39296875 0.4236111111111111 0.019270833333333334 0.025
0 0.4200520833333333 0.41574074074074074 0.0067708333333333336 0.016666666666666666
0 0.4947916666666667 0.4134259259259259 0.011458333333333333 0.019444444444444445
0 0.50546875 0.41250000000000003 0.008854166666666666 0.017592592592592594
0 0.7221354166666667 0.42824074074074076 0.0140625 0.05277777777777778
0 0.675 0.41111111111111115 0.007291666666666667 0.016666666666666666
