0 0.25859375 0.45 0.011979166666666666 0.020370370370370372
0 0.24036458333333333 0.4550925925925926 0.015104166666666667 0.032407407407407406
0 0.4986979166666667 0.46296296296296297 0.018229166666666668 0.03333333333333333
0 0.11328125 0.46805555555555556 0.03697916666666667 0.05277777777777778
0 0.14661458333333333 0.46620370370370373 0.030729166666666665 0.04537037037037037
0 0.20208333333333334 0.45740740740740743 0.020833333333333332 0.031481481481481485
0 0.43906249999999997 0.45601851851851855 0.009375 0.02314814814814815
0 0.42604166666666665 0.4513888888888889 0.010416666666666666 0.015740740740740743
0 0.26640625 0.45 0.0046875 0.020370370370370372
0 0.41901041666666666 0.4518518518518519 0.0036458333333333334 0.014814814814814815
0 0.4653645833333333 0.45740740740740743 0.0140625 0.024074074074074074
0 0.45 0.45555555555555555 0.013541666666666667 0.02592592592592593
0 0.5174479166666667 0.46435185185185185 0.021354166666666667 0.03796296296296296
0 0.22473958333333333 0.45555555555555555 0.0171875 0.03333333333333333
