1 0.8671875 0.37083333333333335 0.030208333333333334 0.08611111111111111
0 0.7325520833333333 0.36342592592592593 0.015104166666666667 0.075
1 0.08203125 0.34675925925925927 0.16302083333333334 0.4398148148148148
0 0.36354166666666665 0.38333333333333336 0.015625 0.07222222222222223
1 0.4270833333333333 0.3824074074074074 0.027083333333333334 0.07962962962962963
0 0.7130208333333333 0.3662037037037037 0.0125 0.06759259259259259
1 0.22578125 0.3541666666666667 0.11822916666666666 0.375
1 0.48125 0.38703703703703707 0.014583333333333334 0.05740740740740741
1 0.49895833333333334 0.3893518518518519 0.013541666666666667 0.05277777777777778
0 0.321875 0.3805555555555556 0.01875 0.0925925925925926
0 0.7872395833333333 0.35694444444444445 0.022395833333333334 0.10092592592592593
0 0.8236979166666667 0.3375 0.03177083333333333 0.14722222222222223
0 0.390625 0.34074074074074073 0.025 0.10740740740740741
0 0.7588541666666666 0.3611111111111111 0.019791666666666666 0.08703703703703704
1 0.7408854166666666 0.3837962962962963 0.0265625 0.0638888888888889
1 0.8976562499999999 0.3699074074074074 0.03177083333333333 0.09351851851851853
1 0.7033854166666667 0.37962962962962965 0.0203125 0.05555555555555556
