0 0.6588541666666666 0.4273148148148148 0.022916666666666665 0.03796296296296296
0 0.37786458333333334 0.4166666666666667 0.0140625 0.031481481481481485
0 0.17916666666666667 0.4310185185185185 0.040625 0.05648148148148149
0 0.6174479166666667 0.4199074074074074 0.0171875 0.02314814814814815
0 0.57265625 0.41250000000000003 0.013020833333333334 0.015740740740740743
0 0.40182291666666664 0.41064814814814815 0.011979166666666666 0.021296296296296296
0 0.23723958333333334 0.4291666666666667 0.03177083333333333 0.04722222222222222
0 0.35572916666666665 0.4166666666666667 0.017708333333333333 0.02962962962962963
0 0.6018229166666667 0.4166666666666667 0.009895833333333333 0.024074074074074074
0 0.3234375 0.4175925925925926 0.020833333333333332 0.02962962962962963
0 0.6854166666666667 0.4291666666666667 0.029166666666666667 0.04166666666666667
0 0.5861979166666667 0.41620370370370374 0.008854166666666666 0.025
0 0.4109375 0.41111111111111115 0.005208333333333333 0.022222222222222223
0 0.59375 0.4166666666666667 0.008333333333333333 0.02592592592592593
