0 0.95078125 0.44907407407407407 0.08697916666666666 0.10555555555555556
0 0.16015625 0.4550925925925926 0.06822916666666666 0.08611111111111111
0 0.36015625 0.4226851851851852 0.030729166666666665 0.049074074074074076
0 0.47994791666666664 0.41435185185185186 0.011979166666666666 0.030555555555555558
0 0.790625 0.41805555555555557 0.0375 0.06018518518518519
0 0.46197916666666666 0.41574074074074074 0.016666666666666666 0.037037037037037035
0 0.4380208333333333 0.4166666666666667 0.020833333333333332 0.04814814814814815
0 0.75390625 0.4087962962962963 0.022395833333333334 0.04166666666666667
0 0.8450520833333334 0.4300925925925926 0.057812499999999996 0.0787037037037037
0 0.2872395833333333 0.4287037037037037 0.04114583333333333 0.05555555555555556
0 0.50703125 0.4134259259259259 0.008854166666666666 0.019444444444444445
0 0.4067708333333333 0.41620370370370374 0.02395833333333333 0.04351851851851852
0 0.51796875 0.41250000000000003 0.0078125 0.015740740740740743
0 0.4947916666666667 0.41435185185185186 0.0125 0.026851851851851852
0 0.7299479166666667 0.40925925925925927 0.018229166666666668 0.03888888888888889
0 0.7130208333333333 0.40925925925925927 0.0125 0.031481481481481485
0 0.7013020833333333 0.41064814814814815 0.009895833333333333 0.028703703703703703
0 0.69140625 0.41064814814814815 0.0067708333333333336 0.02314814814814815
0 0.6791666666666667 0.41064814814814815 0.005208333333333333 0.015740740740740743
0 0.6846354166666666 0.41111111111111115 0.005729166666666666 0.018518518518518517
