1 0.30546875 0.3800925925925926 0.027604166666666666 0.09537037037037037
1 0.41901041666666666 0.38657407407407407 0.0140625 0.04537037037037037
1 0.4864583333333333 0.3893518518518519 0.013541666666666667 0.03425925925925926
1 0.22239583333333332 0.3893518518518519 0.015625 0.04166666666666667
0 0.3927083333333333 0.3699074074074074 0.008333333333333333 0.062037037037037036
1 0.23906249999999998 0.38796296296296295 0.017708333333333333 0.04259259259259259
1 0.3932291666666667 0.38703703703703707 0.015625 0.03888888888888889
0 0.08567708333333333 0.38657407407407407 0.0140625 0.026851851851851852
1 0.3567708333333333 0.3907407407407408 0.008333333333333333 0.02592592592592593
0 0.45807291666666666 0.36342592592592593 0.0109375 0.08425925925925926
1 0.2947916666666667 0.3791666666666667 0.027083333333333334 0.10092592592592593
0 0.4200520833333333 0.3680555555555556 0.009895833333333333 0.075
0 0.11458333333333333 0.40370370370370373 0.030208333333333334 0.06481481481481481
1 0.4822916666666667 0.38796296296296295 0.0125 0.037037037037037035
0 0.1359375 0.40185185185185185 0.013541666666666667 0.05
0 0.40598958333333335 0.3689814814814815 0.009895833333333333 0.06574074074074074
0 0.43723958333333335 0.362962962962963 0.013020833333333334 0.08703703703703704
0 0.008333333333333333 0.40324074074074073 0.016666666666666666 0.0638888888888889
