0 0.4713541666666667 0.34953703703703703 0.017708333333333333 0.06944444444444445
1 0.23359375 0.37453703703703706 0.0515625 0.15833333333333333
1 0.5645833333333333 0.37962962962962965 0.014583333333333334 0.053703703703703705
0 0.4942708333333333 0.35324074074074074 0.014583333333333334 0.0638888888888889
0 0.4434895833333333 0.34861111111111115 0.0234375 0.08055555555555556
0 0.006510416666666667 0.38796296296296295 0.013020833333333334 0.1685185185185185
1 0.778125 0.3731481481481482 0.009375 0.024074074074074074
0 0.40781249999999997 0.3453703703703704 0.027083333333333334 0.0962962962962963
0 0.2908854166666667 0.40601851851851856 0.019270833333333334 0.05648148148148149
0 0.2125 0.3888888888888889 0.029166666666666667 0.13518518518518519
1 0.76171875 0.3689814814814815 0.011979166666666666 0.026851851851851852
1 0.6330729166666667 0.37777777777777777 0.008854166666666666 0.02592592592592593
1 0.61953125 0.3791666666666667 0.0067708333333333336 0.02314814814814815
0 0.3578125 0.3111111111111111 0.03229166666666666 0.1574074074074074
1 0.5450520833333333 0.38333333333333336 0.0203125 0.05925925925925926
1 0.95078125 0.3509259259259259 0.04010416666666666 0.10740740740740741
1 0.8588541666666667 0.3611111111111111 0.021875 0.061111111111111116
0 0.9807291666666667 0.3263888888888889 0.030208333333333334 0.14166666666666666
1 0.4635416666666667 0.3768518518518519 0.03125 0.10185185185185186
