0 0.4796875 0.43194444444444446 0.0125 0.021296296296296296
0 0.5361979166666666 0.425 0.0078125 0.012962962962962964
0 0.465625 0.4328703703703704 0.014583333333333334 0.02314814814814815
0 0.7145833333333333 0.4314814814814815 0.010416666666666666 0.022222222222222223
0 0.6958333333333333 0.4291666666666667 0.0125 0.017592592592592594
0 0.5026041666666666 0.42962962962962964 0.011458333333333333 0.016666666666666666
0 0.6684895833333333 0.42592592592592593 0.008854166666666666 0.014814814814814815
0 0.6802083333333333 0.42592592592592593 0.008333333333333333 0.018518518518518517
0 0.728125 0.43333333333333335 0.016666666666666666 0.031481481481481485
0 0.5208333333333334 0.425462962962963 0.011458333333333333 0.025
