1 0.8588541666666667 0.37962962962962965 0.017708333333333333 0.04814814814814815
0 0.5768229166666666 0.3925925925925926 0.01614583333333333 0.05185185185185186
0 0.8927083333333333 0.36712962962962964 0.01875 0.075
1 0.7322916666666667 0.375462962962963 0.042708333333333334 0.09722222222222222
1 0.6544270833333333 0.3763888888888889 0.021354166666666667 0.05092592592592593
0 0.8684895833333334 0.3666666666666667 0.0140625 0.06851851851851852
1 0.8234374999999999 0.3800925925925926 0.011458333333333333 0.03981481481481482
0 0.8286458333333333 0.3685185185185185 0.013541666666666667 0.06296296296296297
0 0.50703125 0.3962962962962963 0.015104166666666667 0.04814814814814815
0 0.84921875 0.3675925925925926 0.013020833333333334 0.06666666666666667
0 0.9223958333333333 0.3541666666666667 0.020833333333333332 0.09907407407407408
