0 0.11953124999999999 0.4439814814814815 0.0390625 0.05092592592592593
0 0.22890625 0.4310185185185185 0.0203125 0.030555555555555558
0 0.46119791666666665 0.4175925925925926 0.009895833333333333 0.020370370370370372
0 0.47552083333333334 0.425 0.009375 0.020370370370370372
0 0.2544270833333333 0.42824074074074076 0.015104166666666667 0.026851851851851852
0 0.2934895833333333 0.4217592592592593 0.011979166666666666 0.02314814814814815
0 0.1625 0.43842592592592594 0.030208333333333334 0.04166666666666667
0 0.56484375 0.4337962962962963 0.022395833333333334 0.03425925925925926
0 0.5424479166666667 0.4337962962962963 0.018229166666666668 0.03425925925925926
0 0.4895833333333333 0.42638888888888893 0.011458333333333333 0.021296296296296296
0 0.27265625 0.42685185185185187 0.0140625 0.02592592592592593
0 0.5057291666666667 0.4273148148148148 0.014583333333333334 0.021296296296296296
0 0.30052083333333335 0.4236111111111111 0.004166666666666667 0.021296296296296296
0 0.4549479166666667 0.4217592592592593 0.0026041666666666665 0.015740740740740743
