0 0.725 0.41805555555555557 0.015625 0.026851851851851852
0 0.4630208333333333 0.42314814814814816 0.016666666666666666 0.03333333333333333
0 0.5213541666666667 0.41574074074074074 0.00625 0.018518518518518517
0 0.3424479166666667 0.44027777777777777 0.0296875 0.04537037037037037
0 0.7111979166666667 0.41481481481481486 0.011979166666666666 0.02777777777777778
0 0.7924479166666667 0.4277777777777778 0.0296875 0.05
0 0.4869791666666667 0.4217592592592593 0.013541666666666667 0.032407407407407406
0 0.6903645833333333 0.40925925925925927 0.0026041666666666665 0.016666666666666666
0 0.42994791666666665 0.4277777777777778 0.0203125 0.031481481481481485
0 0.28411458333333334 0.44722222222222224 0.03697916666666667 0.05925925925925926
0 0.8278645833333333 0.4291666666666667 0.04010416666666666 0.062037037037037036
0 0.51328125 0.41574074074074074 0.0109375 0.020370370370370372
0 0.7458333333333333 0.41620370370370374 0.021875 0.032407407407407406
0 0.6973958333333333 0.4101851851851852 0.0125 0.016666666666666666
