0 0.2903645833333333 0.40601851851851856 0.0234375 0.032407407407407406
0 0.022916666666666665 0.4291666666666667 0.04479166666666667 0.05092592592592593
0 0.58359375 0.4328703703703704 0.04114583333333333 0.05648148148148149
0 0.5182291666666666 0.40324074074074073 0.0125 0.026851851851851852
0 0.3294270833333333 0.4041666666666667 0.01614583333333333 0.028703703703703703
0 0.13072916666666667 0.4203703703703704 0.04375 0.040740740740740744
0 0.3684895833333333 0.4050925925925926 0.01614583333333333 0.026851851851851852
0 0.3893229166666667 0.40555555555555556 0.013020833333333334 0.018518518518518517
0 0.5346354166666667 0.412962962962963 0.0140625 0.02592592592592593
0 0.55234375 0.425462962962963 0.021354166666666667 0.04351851851851852
0 0.34869791666666666 0.40324074074074073 0.015104166666666667 0.026851851851851852
0 0.20052083333333334 0.41574074074074074 0.030208333333333334 0.03888888888888889
