1 0.35520833333333335 0.38101851851851853 0.0125 0.030555555555555558
1 0.1515625 0.3726851851851852 0.021875 0.058333333333333334
0 0.39791666666666664 0.3550925925925926 0.011458333333333333 0.08425925925925926
1 0.24765625 0.36944444444444446 0.0328125 0.10185185185185186
0 0.37916666666666665 0.3625 0.0125 0.06018518518518519
1 0.4158854166666667 0.3773148148148148 0.009895833333333333 0.036111111111111115
1 0.32786458333333335 0.3791666666666667 0.009895833333333333 0.028703703703703703
1 0.13385416666666666 0.37824074074074077 0.0125 0.04166666666666667
0 0.3611979166666667 0.3625 0.011979166666666666 0.062037037037037036
0 0.34401041666666665 0.36342592592592593 0.009895833333333333 0.058333333333333334
1 0.42864583333333334 0.3773148148148148 0.009375 0.04166666666666667
0 0.32890625 0.362962962962963 0.008854166666666666 0.04814814814814815
1 0.2713541666666667 0.3685185185185185 0.025 0.0962962962962963
0 0.04791666666666666 0.39166666666666666 0.030208333333333334 0.06851851851851852
