0 0.15130208333333334 0.42314814814814816 0.03177083333333333 0.03518518518518519
0 0.2638020833333333 0.41805555555555557 0.005729166666666666 0.02314814814814815
0 0.5427083333333333 0.4425925925925926 0.025 0.040740740740740744
0 0.4940104166666667 0.43472222222222223 0.0171875 0.03425925925925926
0 0.57265625 0.4462962962962963 0.028645833333333332 0.04814814814814815
0 0.0296875 0.44212962962962965 0.04791666666666666 0.0638888888888889
0 0.22265625 0.4199074074074074 0.018229166666666668 0.036111111111111115
0 0.4770833333333333 0.4310185185185185 0.013541666666666667 0.030555555555555558
0 0.19375 0.4217592592592593 0.021875 0.03981481481481482
0 0.4622395833333333 0.4277777777777778 0.0140625 0.03333333333333333
0 0.4458333333333333 0.42314814814814816 0.0125 0.016666666666666666
0 0.25338541666666664 0.41805555555555557 0.015104166666666667 0.025
0 0.43906249999999997 0.4236111111111111 0.004166666666666667 0.019444444444444445
