0 0.25390625 0.46111111111111114 0.049479166666666664 0.07222222222222223
0 0.8705729166666667 0.4439814814814815 0.04635416666666667 0.062037037037037036
0 0.8156249999999999 0.44074074074074077 0.0375 0.05555555555555556
0 0.43333333333333335 0.4328703703703704 0.01875 0.032407407407407406
0 0.65390625 0.42083333333333334 0.005729166666666666 0.015740740740740743
0 0.6625 0.4236111111111111 0.009375 0.019444444444444445
0 0.47552083333333334 0.4273148148148148 0.0125 0.025
5 0.5989583333333334 0.40740740740740744 0.03854166666666667 0.014814814814814815
0 0.7052083333333333 0.4277777777777778 0.019791666666666666 0.03888888888888889
0 0.6841145833333333 0.42685185185185187 0.01614583333333333 0.03333333333333333
0 0.7356770833333334 0.4305555555555556 0.0234375 0.037037037037037035
0 0.45390625 0.4314814814814815 0.0140625 0.037037037037037035
0 0.31588541666666664 0.4486111111111111 0.033854166666666664 0.04351851851851852
0 0.48385416666666664 0.42592592592592593 0.00625 0.022222222222222223
0 0.4028645833333333 0.4388888888888889 0.022395833333333334 0.03518518518518519
