0 0.3015625 0.39490740740740743 0.013541666666666667 0.021296296296296296
0 0.2640625 0.39675925925925926 0.017708333333333333 0.026851851851851852
0 0.48125 0.412962962962963 0.009375 0.022222222222222223
0 0.31953125 0.3976851851851852 0.0109375 0.017592592592592594
0 0.2856770833333333 0.3962962962962963 0.015104166666666667 0.02592592592592593
0 0.21536458333333333 0.3995370370370371 0.022395833333333334 0.03796296296296296
0 0.49609375 0.41712962962962963 0.013020833333333334 0.02314814814814815
0 0.52890625 0.425 0.019270833333333334 0.03518518518518519
0 0.46953125 0.40972222222222227 0.0109375 0.017592592592592594
0 0.3268229166666667 0.3976851851851852 0.005729166666666666 0.021296296296296296
0 0.1859375 0.39675925925925926 0.028125 0.03796296296296296
0 0.5143229166666666 0.4222222222222222 0.008854166666666666 0.02962962962962963
