0 0.53203125 0.4587962962962963 0.034895833333333334 0.06018518518518519
0 0.4822916666666667 0.4537037037037037 0.028125 0.04814814814814815
0 0.4015625 0.4425925925925926 0.020833333333333332 0.03518518518518519
0 0.3684895833333333 0.43472222222222223 0.0171875 0.026851851851851852
0 0.34401041666666665 0.4393518518518519 0.01614583333333333 0.028703703703703703
0 0.31744791666666666 0.4351851851851852 0.013020833333333334 0.020370370370370372
0 0.3067708333333333 0.43333333333333335 0.005208333333333333 0.018518518518518517
0 0.061718749999999996 0.43703703703703706 0.0203125 0.02777777777777778
0 0.07604166666666666 0.43703703703703706 0.007291666666666667 0.02777777777777778
0 0.025260416666666667 0.4393518518518519 0.0265625 0.032407407407407406
