4 0.8401041666666667 0.4361111111111111 0.12291666666666666 0.07222222222222223
4 0.7122395833333334 0.4314814814814815 0.1734375 0.07037037037037037
4 0.47552083333333334 0.42592592592592593 0.09375 0.04814814814814815
4 0.3997395833333333 0.41944444444444445 0.10989583333333333 0.08333333333333334
4 0.2942708333333333 0.4189814814814815 0.12395833333333334 0.10092592592592593
4 0.1109375 0.4425925925925926 0.221875 0.11666666666666667
2 0.7046875 0.38472222222222224 0.026041666666666668 0.08055555555555556
2 0.45208333333333334 0.3912037037037037 0.027083333333333334 0.04351851851851852
2 0.46458333333333335 0.38472222222222224 0.025 0.04351851851851852
2 0.390625 0.3615740740740741 0.042708333333333334 0.10833333333333334
2 0.3677083333333333 0.3648148148148148 0.021875 0.07777777777777778
