0 0.9622395833333334 0.3287037037037037 0.022395833333333334 0.10185185185185186
0 0.9122395833333333 0.33101851851851855 0.01614583333333333 0.07685185185185185
1 0.3372395833333333 0.3689814814814815 0.0703125 0.21203703703703705
1 0.88828125 0.3611111111111111 0.025520833333333333 0.05185185185185186
0 0.5236979166666667 0.37777777777777777 0.013020833333333334 0.061111111111111116
0 0.5372395833333333 0.38981481481481484 0.0109375 0.03333333333333333
0 0.9901041666666667 0.32546296296296295 0.017708333333333333 0.11574074074074074
0 0.01171875 0.4314814814814815 0.0234375 0.09814814814814815
0 0.5526041666666667 0.3055555555555556 0.014583333333333334 0.031481481481481485
0 0.13723958333333333 0.4273148148148148 0.033854166666666664 0.08611111111111111
0 0.07473958333333333 0.4273148148148148 0.0484375 0.10462962962962963
0 0.5528645833333333 0.375 0.01614583333333333 0.024074074074074074
1 0.91875 0.35324074074074074 0.029166666666666667 0.06759259259259259
0 0.9385416666666666 0.33240740740740743 0.019791666666666666 0.0925925925925926
1 0.40078125 0.3703703703703704 0.06510416666666667 0.1962962962962963
1 0.5739583333333333 0.3717592592592593 0.025 0.0712962962962963
0 0.37473958333333335 0.36388888888888893 0.013020833333333334 0.08148148148148149
0 0.4375 0.3791666666666667 0.014583333333333334 0.08425925925925926
0 0.4875 0.3773148148148148 0.013541666666666667 0.075
0 0.30703125 0.39722222222222225 0.013020833333333334 0.040740740740740744
