0 0.30104166666666665 0.41111111111111115 0.01875 0.02962962962962963
0 0.31666666666666665 0.4115740740740741 0.010416666666666666 0.030555555555555558
0 0.95390625 0.5106481481481482 0.09114583333333333 0.14537037037037037
0 0.25 0.41574074074074074 0.025 0.03888888888888889
3 0.4770833333333333 0.3995370370370371 0.035416666666666666 0.02314814814814815
0 0.5661458333333333 0.4273148148148148 0.017708333333333333 0.030555555555555558
0 0.7989583333333333 0.48379629629629634 0.06354166666666666 0.10462962962962963
0 0.6393229166666666 0.44212962962962965 0.0328125 0.049074074074074076
0 0.19166666666666665 0.4166666666666667 0.03229166666666666 0.04814814814814815
0 0.53984375 0.4226851851851852 0.015104166666666667 0.026851851851851852
0 0.59453125 0.43194444444444446 0.022395833333333334 0.032407407407407406
0 0.5299479166666666 0.4217592592592593 0.005729166666666666 0.019444444444444445
0 0.09921875 0.42962962962962964 0.025520833333333333 0.06666666666666667
