0 0.5997395833333333 0.42685185185185187 0.0171875 0.02592592592592593
0 0.9914062499999999 0.43472222222222223 0.01614583333333333 0.049074074074074076
0 0.57421875 0.4328703703703704 0.015104166666666667 0.03796296296296296
0 0.5536458333333333 0.43472222222222223 0.026041666666666668 0.04537037037037037
0 0.8119791666666667 0.4185185185185185 0.013541666666666667 0.016666666666666666
0 0.6328125 0.4199074074074074 0.011458333333333333 0.015740740740740743
0 0.8588541666666667 0.4226851851851852 0.017708333333333333 0.028703703703703703
0 0.9588541666666667 0.43333333333333335 0.030208333333333334 0.04259259259259259
0 0.61875 0.42824074074074076 0.011458333333333333 0.03425925925925926
0 0.8890625 0.42638888888888893 0.020833333333333332 0.030555555555555558
0 0.83671875 0.42083333333333334 0.015104166666666667 0.02314814814814815
