0 0.89296875 0.5453703703703704 0.0296875 0.040740740740740744
0 0.8091145833333333 0.5305555555555556 0.011979166666666666 0.018518518518518517
0 0.634375 0.5296296296296297 0.009375 0.016666666666666666
0 0.5786458333333333 0.5333333333333333 0.013541666666666667 0.022222222222222223
0 0.8703124999999999 0.5430555555555556 0.015625 0.03425925925925926
0 0.59921875 0.5310185185185186 0.013020833333333334 0.019444444444444445
0 0.5080729166666667 0.5416666666666667 0.021354166666666667 0.03333333333333333
0 0.6153645833333333 0.5305555555555556 0.0109375 0.018518518518518517
0 0.64296875 0.5291666666666667 0.005729166666666666 0.01388888888888889
0 0.8455729166666667 0.5370370370370371 0.018229166666666668 0.02592592592592593
0 0.5330729166666667 0.5407407407407407 0.0203125 0.031481481481481485
