0 0.6880208333333333 0.4444444444444445 0.007291666666666667 0.031481481481481485
4 0.5432291666666667 0.4236111111111111 0.042708333333333334 0.04351851851851852
1 0.8380208333333333 0.4277777777777778 0.05416666666666667 0.15
0 0.6690104166666666 0.44212962962962965 0.0078125 0.03425925925925926
0 0.7546875 0.4305555555555556 0.015625 0.07777777777777778
1 0.5828125 0.42685185185185187 0.019791666666666666 0.05740740740740741
0 0.8026041666666667 0.4305555555555556 0.017708333333333333 0.0925925925925926
1 0.5888020833333333 0.42685185185185187 0.0203125 0.05925925925925926
0 0.7182291666666667 0.44722222222222224 0.0125 0.03888888888888889
0 0.8890625 0.4291666666666667 0.022916666666666665 0.11388888888888889
