0 0.3098958333333333 0.43703703703703706 0.042708333333333334 0.07222222222222223
0 0.9434895833333333 0.4273148148148148 0.0046875 0.021296296296296296
0 0.96640625 0.44212962962962965 0.0203125 0.04722222222222222
0 0.6830729166666667 0.41805555555555557 0.0140625 0.02314814814814815
0 0.5997395833333333 0.425462962962963 0.019270833333333334 0.04166666666666667
0 0.9526041666666667 0.4291666666666667 0.015625 0.02314814814814815
0 0.69453125 0.41805555555555557 0.011979166666666666 0.02314814814814815
0 0.4028645833333333 0.4351851851851852 0.034895833333333334 0.04814814814814815
0 0.6393229166666666 0.4236111111111111 0.018229166666666668 0.03796296296296296
0 0.5455729166666666 0.42592592592592593 0.0234375 0.040740740740740744
0 0.9880208333333333 0.44583333333333336 0.022916666666666665 0.05277777777777778
