1 0.6872395833333333 0.375462962962963 0.024479166666666666 0.0787037037037037
0 0.61953125 0.3907407407407408 0.009895833333333333 0.03333333333333333
1 0.19427083333333334 0.35462962962962963 0.09791666666666667 0.2555555555555556
0 0.6955729166666667 0.35555555555555557 0.011979166666666666 0.06851851851851852
0 0.37265625 0.3944444444444445 0.018229166666666668 0.06481481481481481
0 0.65390625 0.3902777777777778 0.009895833333333333 0.03425925925925926
0 0.5854166666666667 0.3740740740740741 0.013541666666666667 0.07962962962962963
1 0.7986979166666667 0.3861111111111111 0.019270833333333334 0.05
0 0.7208333333333333 0.35879629629629634 0.0125 0.058333333333333334
1 0.275 0.35879629629629634 0.06770833333333333 0.22685185185185186
0 0.12786458333333334 0.39351851851851855 0.0328125 0.09814814814814815
0 0.6341145833333334 0.3768518518518519 0.011979166666666666 0.06851851851851852
0 0.6791666666666667 0.33472222222222225 0.020833333333333332 0.10833333333333334
1 0.765625 0.3819444444444445 0.020833333333333332 0.058333333333333334
0 0.44895833333333335 0.36944444444444446 0.015625 0.10555555555555556
0 0.09791666666666667 0.39212962962962966 0.027083333333333334 0.08425925925925926
0 0.7080729166666666 0.35694444444444445 0.011979166666666666 0.06574074074074074
0 0.4708333333333333 0.3685185185185185 0.010416666666666666 0.07407407407407407
0 0.5200520833333333 0.3717592592592593 0.013020833333333334 0.09351851851851853
0 0.7322916666666667 0.3615740740740741 0.010416666666666666 0.05648148148148149
