0 0.6057291666666667 0.4365740740740741 0.022916666666666665 0.036111111111111115
0 0.5057291666666667 0.4328703703703704 0.0125 0.021296296296296296
0 0.2643229166666667 0.4537037037037037 0.022395833333333334 0.03333333333333333
0 0.47734375 0.43333333333333335 0.0046875 0.016666666666666666
0 0.6411458333333333 0.4356481481481482 0.025 0.03981481481481482
0 0.54765625 0.4328703703703704 0.01614583333333333 0.025
0 0.48411458333333335 0.4310185185185185 0.009895833333333333 0.015740740740740743
0 0.32057291666666665 0.4425925925925926 0.0036458333333333334 0.020370370370370372
0 0.31276041666666665 0.4430555555555556 0.011979166666666666 0.017592592592592594
0 0.17552083333333332 0.47731481481481486 0.04479166666666667 0.06018518518518519
0 0.5234375 0.4314814814814815 0.014583333333333334 0.02592592592592593
0 0.21328125 0.46851851851851856 0.03177083333333333 0.05
