0 0.8893229166666666 0.4115740740740741 0.0421875 0.18425925925925926
0 0.7005208333333334 0.41435185185185186 0.007291666666666667 0.010185185185185186
0 0.20260416666666667 0.37453703703703706 0.022916666666666665 0.09907407407407408
0 0.3541666666666667 0.3800925925925926 0.021875 0.11944444444444445
0 0.6026041666666666 0.39861111111111114 0.020833333333333332 0.13425925925925927
0 0.7536458333333333 0.4199074074074074 0.00625 0.008333333333333333
0 0.56171875 0.39537037037037037 0.0265625 0.1425925925925926
0 0.8591145833333333 0.3995370370370371 0.019270833333333334 0.11388888888888889
0 0.4236979166666667 0.37777777777777777 0.018229166666666668 0.08888888888888889
0 0.28984375 0.38472222222222224 0.01614583333333333 0.07685185185185185
