0 0.8046875 0.41944444444444445 0.013541666666666667 0.016666666666666666
0 0.6111979166666667 0.41620370370370374 0.0067708333333333336 0.019444444444444445
0 0.81640625 0.4236111111111111 0.011979166666666666 0.028703703703703703
0 0.7955729166666666 0.4185185185185185 0.0036458333333333334 0.018518518518518517
0 0.6028645833333334 0.41620370370370374 0.0109375 0.019444444444444445
0 0.3890625 0.43472222222222223 0.030208333333333334 0.05277777777777778
0 0.51953125 0.42592592592592593 0.019270833333333334 0.02962962962962963
0 0.9372395833333333 0.4462962962962963 0.0484375 0.06481481481481481
0 0.5760416666666667 0.4217592592592593 0.0125 0.030555555555555558
0 0.5520833333333334 0.4226851851851852 0.015625 0.032407407407407406
0 0.853125 0.4287037037037037 0.025 0.03333333333333333
0 0.8994791666666666 0.44027777777777777 0.030208333333333334 0.05277777777777778
0 0.43906249999999997 0.43472222222222223 0.027083333333333334 0.04166666666666667
0 0.8317708333333333 0.4277777777777778 0.01875 0.02962962962962963
