4 0.86015625 0.46851851851851856 0.11510416666666666 0.06296296296296297
4 0.7622395833333333 0.4532407407407408 0.12447916666666667 0.062037037037037036
4 0.5520833333333334 0.43842592592592594 0.046875 0.04537037037037037
4 0.5 0.437962962962963 0.065625 0.05185185185185186
4 0.43203125 0.43333333333333335 0.0859375 0.05185185185185186
4 0.33098958333333334 0.42129629629629634 0.14947916666666666 0.07407407407407407
2 0.5533854166666666 0.3990740740740741 0.01614583333333333 0.0462962962962963
2 0.5471354166666667 0.3962962962962963 0.018229166666666668 0.05185185185185186
2 0.50546875 0.40231481481481485 0.0203125 0.032407407407407406
2 0.4848958333333333 0.39351851851851855 0.020833333333333332 0.061111111111111116
