1 0.6138020833333333 0.39722222222222225 0.013020833333333334 0.03518518518518519
0 0.30755208333333334 0.3976851851851852 0.0078125 0.03981481481481482
0 0.5700520833333333 0.37824074074074077 0.008854166666666666 0.05648148148148149
1 0.38125 0.39166666666666666 0.03125 0.037037037037037035
1 0.4903645833333333 0.3944444444444445 0.009895833333333333 0.018518518518518517
0 0.21067708333333332 0.39537037037037037 0.0171875 0.05555555555555556
1 0.5502604166666667 0.39305555555555555 0.01614583333333333 0.036111111111111115
0 0.5265625 0.3791666666666667 0.008333333333333333 0.049074074074074076
1 0.52578125 0.3907407407407408 0.011979166666666666 0.03333333333333333
1 0.44140625 0.38101851851851853 0.024479166666666666 0.09166666666666667
1 0.43723958333333335 0.3824074074074074 0.0234375 0.08888888888888889
0 0.5533854166666666 0.3791666666666667 0.008854166666666666 0.05462962962962963
0 0.5385416666666667 0.3791666666666667 0.008333333333333333 0.05277777777777778
1 0.6098958333333333 0.39583333333333337 0.014583333333333334 0.03425925925925926
0 0.29401041666666666 0.3995370370370371 0.019270833333333334 0.049074074074074076
0 0.3130208333333333 0.39675925925925926 0.009375 0.036111111111111115
0 0.58984375 0.3685185185185185 0.0109375 0.08148148148148149
