0 0.8729166666666667 0.42314814814814816 0.015625 0.05740740740740741
0 0.6703125 0.425 0.013541666666666667 0.04259259259259259
0 0.721875 0.4041666666666667 0.016666666666666666 0.08796296296296297
0 0.6223958333333334 0.4226851851851852 0.009375 0.03425925925925926
1 0.9526041666666667 0.38981481481481484 0.07708333333333334 0.20925925925925926
0 0.79453125 0.40324074074074073 0.0203125 0.10648148148148148
4 0.4453125 0.41111111111111115 0.041666666666666664 0.04259259259259259
0 0.8244791666666667 0.425 0.013541666666666667 0.06481481481481481
1 0.5161458333333333 0.4115740740740741 0.016666666666666666 0.0638888888888889
1 0.49947916666666664 0.4087962962962963 0.016666666666666666 0.06574074074074074
0 0.6450520833333333 0.4222222222222222 0.008854166666666666 0.03518518518518519
0 0.6005208333333333 0.42453703703703705 0.013541666666666667 0.032407407407407406
1 0.5322916666666666 0.4138888888888889 0.013541666666666667 0.04814814814814815
