0 0.42213541666666665 0.41574074074074074 0.0078125 0.016666666666666666
0 0.35234375 0.4365740740740741 0.027604166666666666 0.04351851851851852
0 0.7140625 0.41805555555555557 0.02395833333333333 0.03981481481481482
0 0.3731770833333333 0.4314814814814815 0.013020833333333334 0.03518518518518519
0 0.39348958333333334 0.4236111111111111 0.01614583333333333 0.02314814814814815
0 0.5645833333333333 0.41203703703703703 0.004166666666666667 0.014814814814814815
0 0.5721354166666667 0.41111111111111115 0.0109375 0.014814814814814815
0 0.59296875 0.4134259259259259 0.011979166666666666 0.02314814814814815
0 0.6096354166666667 0.41250000000000003 0.011979166666666666 0.026851851851851852
0 0.6322916666666667 0.412962962962963 0.014583333333333334 0.024074074074074074
0 0.6828125 0.41712962962962963 0.021875 0.032407407407407406
