1 0.10338541666666666 0.4587962962962963 0.04010416666666666 0.10833333333333334
0 0.5669270833333333 0.3912037037037037 0.022395833333333334 0.13055555555555556
1 0.4575520833333333 0.4300925925925926 0.019270833333333334 0.0638888888888889
0 0.7416666666666667 0.3231481481481482 0.04375 0.2574074074074074
1 0.21640625 0.45231481481481484 0.0140625 0.030555555555555558
0 0.61015625 0.38287037037037036 0.028645833333333332 0.14166666666666666
1 0.3703125 0.4398148148148148 0.011458333333333333 0.024074074074074074
0 0.53515625 0.40046296296296297 0.0234375 0.11574074074074074
1 0.353125 0.4398148148148148 0.015625 0.02777777777777778
1 0.14244791666666667 0.45462962962962966 0.0296875 0.09444444444444444
1 0.6575520833333334 0.4041666666666667 0.0484375 0.14907407407407408
1 0.5502604166666667 0.41944444444444445 0.0328125 0.09074074074074075
0 0.66328125 0.3703703703703704 0.0296875 0.16111111111111112
1 0.19479166666666667 0.4532407407407408 0.0125 0.030555555555555558
