1 0.6815104166666667 0.3842592592592593 0.015104166666666667 0.04259259259259259
0 0.7666666666666666 0.362962962962963 0.013541666666666667 0.09074074074074075
0 0.21640625 0.3680555555555556 0.01614583333333333 0.08240740740740742
0 0.7984375 0.3560185185185185 0.019791666666666666 0.10648148148148148
0 0.44947916666666665 0.3601851851851852 0.011458333333333333 0.04814814814814815
0 0.7546875 0.36574074074074076 0.010416666666666666 0.08518518518518518
1 0.6989583333333333 0.37777777777777777 0.027083333333333334 0.07222222222222223
1 0.4361979166666667 0.3768518518518519 0.018229166666666668 0.05925925925925926
0 0.4153645833333333 0.3527777777777778 0.015104166666666667 0.06666666666666667
0 0.82578125 0.3287037037037037 0.0328125 0.17037037037037037
1 0.49895833333333334 0.37962962962962965 0.010416666666666666 0.044444444444444446
0 0.13411458333333334 0.3800925925925926 0.011979166666666666 0.04351851851851852
0 0.43333333333333335 0.35879629629629634 0.010416666666666666 0.05648148148148149
0 0.10677083333333333 0.3625 0.019791666666666666 0.09722222222222222
0 0.3927083333333333 0.3541666666666667 0.017708333333333333 0.0638888888888889
0 0.3677083333333333 0.3337962962962963 0.017708333333333333 0.10277777777777779
1 0.3268229166666667 0.3717592592592593 0.025520833333333333 0.07685185185185185
1 0.828125 0.3763888888888889 0.03125 0.10648148148148148
1 0.79765625 0.3740740740740741 0.0359375 0.10740740740740741
0 0.29765625 0.3712962962962963 0.0140625 0.06851851851851852
1 0.4890625 0.3805555555555556 0.017708333333333333 0.05
0 0.7802083333333333 0.3574074074074074 0.0125 0.10555555555555556
1 0.56640625 0.38333333333333336 0.011979166666666666 0.024074074074074074
1 0.6604166666666667 0.3842592592592593 0.0125 0.02592592592592593
