0 0.7395833333333334 0.4240740740740741 0.013541666666666667 0.02777777777777778
0 0.7541666666666667 0.42638888888888893 0.017708333333333333 0.028703703703703703
0 0.8244791666666667 0.4351851851851852 0.027083333333333334 0.04259259259259259
0 0.7143229166666667 0.4185185185185185 0.0036458333333333334 0.016666666666666666
0 0.5528645833333333 0.4185185185185185 0.0046875 0.018518518518518517
0 0.38958333333333334 0.437962962962963 0.029166666666666667 0.04814814814814815
0 0.509375 0.4226851851851852 0.014583333333333334 0.026851851851851852
0 0.5455729166666666 0.4189814814814815 0.0109375 0.017592592592592594
0 0.7747395833333334 0.4273148148148148 0.021354166666666667 0.028703703703703703
0 0.7229166666666667 0.41944444444444445 0.0125 0.016666666666666666
0 0.8580729166666666 0.43703703703703706 0.0359375 0.05185185185185186
0 0.5265625 0.4217592592592593 0.0125 0.025
0 0.42578125 0.43472222222222223 0.024479166666666666 0.03981481481481482
0 0.48541666666666666 0.4273148148148148 0.016666666666666666 0.026851851851851852
