0 0.5286458333333334 0.43333333333333335 0.014583333333333334 0.024074074074074074
0 0.5075520833333333 0.4305555555555556 0.011979166666666666 0.024074074074074074
0 0.23151041666666666 0.4439814814814815 0.033854166666666664 0.049074074074074076
0 0.490625 0.4324074074074074 0.011458333333333333 0.024074074074074074
0 0.3125 0.42685185185185187 0.009375 0.018518518518518517
0 0.4700520833333333 0.4291666666666667 0.0109375 0.01388888888888889
0 0.2794270833333333 0.4324074074074074 0.018229166666666668 0.02962962962962963
0 0.60546875 0.44074074074074077 0.022395833333333334 0.03518518518518519
0 0.5776041666666667 0.44027777777777777 0.017708333333333333 0.03425925925925926
0 0.25625 0.4393518518518519 0.015625 0.03981481481481482
0 0.2986979166666667 0.4305555555555556 0.0140625 0.024074074074074074
