0 0.7174479166666666 0.3837962962962963 0.021354166666666667 0.1212962962962963
0 0.17526041666666667 0.3351851851851852 0.033854166666666664 0.13518518518518519
0 0.7619791666666667 0.3768518518518519 0.027083333333333334 0.1277777777777778
0 0.21145833333333333 0.34861111111111115 0.027083333333333334 0.10092592592592593
0 0.12135416666666667 0.3189814814814815 0.052083333333333336 0.15462962962962964
0 0.9132812499999999 0.3685185185185185 0.043229166666666666 0.17962962962962964
0 0.04114583333333333 0.2449074074074074 0.07916666666666666 0.3212962962962963
0 0.23619791666666667 0.35370370370370374 0.025520833333333333 0.09814814814814815
1 0.9736979166666666 0.40324074074074073 0.0515625 0.1638888888888889
0 0.8265625 0.37592592592592594 0.035416666666666666 0.1574074074074074
1 0.2994791666666667 0.3851851851851852 0.058333333333333334 0.16666666666666669
1 0.7846354166666667 0.4064814814814815 0.033854166666666664 0.10555555555555556
1 0.3609375 0.39861111111111114 0.03125 0.09722222222222222
1 0.3463541666666667 0.39490740740740743 0.02395833333333333 0.07685185185185185
1 0.64609375 0.41111111111111115 0.022395833333333334 0.05740740740740741
