1 0.4578125 0.43472222222222223 0.014583333333333334 0.05277777777777778
0 0.10625 0.4041666666666667 0.01875 0.0787037037037037
1 0.353125 0.4388888888888889 0.008333333333333333 0.022222222222222223
0 0.5161458333333333 0.4138888888888889 0.017708333333333333 0.07592592592592592
1 0.7450520833333333 0.4291666666666667 0.0421875 0.10462962962962963
0 0.6421875 0.38657407407407407 0.02395833333333333 0.1675925925925926
1 0.02786458333333333 0.4083333333333333 0.05572916666666666 0.17592592592592593
1 0.5143229166666666 0.4337962962962963 0.013020833333333334 0.05277777777777778
0 0.08541666666666667 0.3944444444444445 0.01875 0.09074074074074075
1 0.5627604166666667 0.4351851851851852 0.022395833333333334 0.07592592592592592
0 0.021875 0.34953703703703703 0.03854166666666667 0.18055555555555555
1 0.22864583333333333 0.4287037037037037 0.025 0.07407407407407407
0 0.059895833333333336 0.3939814814814815 0.027083333333333334 0.10277777777777779
0 0.6018229166666667 0.40555555555555556 0.022395833333333334 0.11111111111111112
1 0.2171875 0.4310185185185185 0.014583333333333334 0.05648148148148149
1 0.18645833333333334 0.42638888888888893 0.03229166666666666 0.09722222222222222
0 0.5385416666666667 0.4134259259259259 0.013541666666666667 0.08796296296296297
0 0.5684895833333333 0.41064814814814815 0.015104166666666667 0.08796296296296297
