0 0.04479166666666667 0.4328703703703704 0.029166666666666667 0.036111111111111115
0 0.3263020833333333 0.41435185185185186 0.011979166666666666 0.017592592592592594
0 0.096875 0.425462962962963 0.011458333333333333 0.025
0 0.3481770833333333 0.41481481481481486 0.0140625 0.024074074074074074
0 0.0765625 0.4300925925925926 0.019791666666666666 0.02314814814814815
0 0.39296875 0.4175925925925926 0.01614583333333333 0.02962962962962963
0 0.11510416666666666 0.4189814814814815 0.015625 0.021296296296296296
0 0.3677083333333333 0.412962962962963 0.0125 0.020370370370370372
0 0.44921875 0.42453703703703705 0.0234375 0.03981481481481482
0 0.4796875 0.4236111111111111 0.025 0.04537037037037037
