0 0.2661458333333333 0.4537037037037037 0.0125 0.02592592592592593
0 0.2513020833333333 0.45416666666666666 0.0140625 0.025
0 0.45625 0.44583333333333336 0.014583333333333334 0.021296296296296296
0 0.19114583333333332 0.46574074074074073 0.019791666666666666 0.031481481481481485
0 0.16536458333333334 0.46620370370370373 0.025520833333333333 0.03425925925925926
0 0.4861979166666667 0.4481481481481482 0.01614583333333333 0.02962962962962963
0 0.44088541666666664 0.44212962962962965 0.009895833333333333 0.021296296296296296
0 0.4309895833333333 0.4430555555555556 0.0109375 0.01388888888888889
0 0.23177083333333334 0.4564814814814815 0.016666666666666666 0.02777777777777778
0 0.2825520833333333 0.44953703703703707 0.011979166666666666 0.015740740740740743
