0 0.45416666666666666 0.41620370370370374 0.010416666666666666 0.02314814814814815
0 0.3736979166666667 0.4236111111111111 0.0203125 0.03425925925925926
0 0.6348958333333333 0.42129629629629634 0.008333333333333333 0.018518518518518517
0 0.6622395833333333 0.4287037037037037 0.011979166666666666 0.03333333333333333
0 0.64453125 0.4226851851851852 0.0140625 0.021296296296296296
0 0.4786458333333333 0.41250000000000003 0.004166666666666667 0.017592592592592594
0 0.43828125 0.4166666666666667 0.013020833333333334 0.02592592592592593
0 0.6192708333333333 0.41620370370370374 0.008333333333333333 0.012037037037037037
0 0.47161458333333334 0.41481481481481486 0.009895833333333333 0.014814814814814815
0 0.6268229166666667 0.41944444444444445 0.008854166666666666 0.018518518518518517
0 0.678125 0.4287037037037037 0.022916666666666665 0.03518518518518519
0 0.34791666666666665 0.4217592592592593 0.022916666666666665 0.03796296296296296
0 0.4184895833333333 0.4185185185185185 0.0140625 0.022222222222222223
0 0.6145833333333334 0.41481481481481486 0.0020833333333333333 0.012962962962962964
