1 0.378125 0.38333333333333336 0.013541666666666667 0.037037037037037035
1 0.28125 0.38287037037037036 0.014583333333333334 0.028703703703703703
0 0.0036458333333333334 0.37083333333333335 0.007291666666666667 0.0638888888888889
1 0.16822916666666665 0.3652777777777778 0.0375 0.10833333333333334
0 0.3325520833333333 0.3675925925925926 0.011979166666666666 0.06481481481481481
1 0.07630208333333333 0.3736111111111111 0.024479166666666666 0.05462962962962963
1 0.38359375 0.3842592592592593 0.0140625 0.037037037037037035
0 0.3140625 0.3675925925925926 0.013541666666666667 0.05925925925925926
0 0.3536458333333333 0.3560185185185185 0.011458333333333333 0.08796296296296297
1 0.3091145833333333 0.37824074074074077 0.015104166666666667 0.04351851851851852
0 0.29713541666666665 0.3680555555555556 0.008854166666666666 0.05462962962962963
0 0.2825520833333333 0.3662037037037037 0.0078125 0.05092592592592593
1 0.15677083333333333 0.3666666666666667 0.036458333333333336 0.11296296296296297
1 0.23776041666666667 0.3819444444444445 0.009895833333333333 0.02314814814814815
1 0.09973958333333333 0.3717592592592593 0.022395833333333334 0.049074074074074076
