0 0.7091145833333333 0.4013888888888889 0.0078125 0.03981481481481482
0 0.5604166666666667 0.4 0.0020833333333333333 0.005555555555555556
0 0.6393229166666666 0.39722222222222225 0.005729166666666666 0.037037037037037035
0 0.7802083333333333 0.40324074074074073 0.008333333333333333 0.03981481481481482
0 0.5705729166666667 0.39583333333333337 0.005729166666666666 0.03796296296296296
0 0.56640625 0.39537037037037037 0.0036458333333333334 0.037037037037037035
0 0.6333333333333333 0.3976851851851852 0.00625 0.03796296296296296
0 0.76328125 0.40231481481481485 0.0067708333333333336 0.03981481481481482
0 0.696875 0.3995370370370371 0.00625 0.03796296296296296
0 0.5984375 0.40185185185185185 0.0020833333333333333 0.005555555555555556
