1 0.32786458333333335 0.36388888888888893 0.0328125 0.10925925925925926
0 0.58671875 0.40185185185185185 0.019270833333333334 0.05925925925925926
0 0.4822916666666667 0.39351851851851855 0.0125 0.04814814814814815
0 0.6736979166666667 0.3740740740740741 0.028645833333333332 0.1425925925925926
0 0.5125 0.39583333333333337 0.014583333333333334 0.049074074074074076
0 0.54140625 0.3939814814814815 0.013020833333333334 0.04722222222222222
0 0.82109375 0.3726851851851852 0.043229166666666666 0.18981481481481483
6 0.02578125 0.40185185185185185 0.028645833333333332 0.014814814814814815
4 0.28046875 0.3666666666666667 0.0640625 0.05740740740740741
1 0.3609375 0.36574074074074076 0.029166666666666667 0.10370370370370371
2 0.02395833333333333 0.38333333333333336 0.021875 0.037037037037037035
