0 0.6846354166666666 0.41064814814814815 0.011979166666666666 0.019444444444444445
0 0.9067708333333333 0.4152777777777778 0.019791666666666666 0.025
0 0.6700520833333333 0.41111111111111115 0.0109375 0.020370370370370372
0 0.9416666666666667 0.4217592592592593 0.028125 0.03425925925925926
0 0.703125 0.4101851851851852 0.010416666666666666 0.016666666666666666
0 0.6520833333333333 0.4138888888888889 0.013541666666666667 0.016666666666666666
0 0.5955729166666667 0.4166666666666667 0.0171875 0.022222222222222223
0 0.9231770833333334 0.4222222222222222 0.008854166666666666 0.03333333333333333
0 0.8755208333333333 0.41203703703703703 0.009375 0.016666666666666666
0 0.8893229166666666 0.41435185185185186 0.015104166666666667 0.021296296296296296
0 0.6135416666666667 0.41712962962962963 0.016666666666666666 0.025
