0 0.3703125 0.4240740740740741 0.016666666666666666 0.05185185185185186
1 0.42890625 0.40555555555555556 0.015104166666666667 0.0462962962962963
0 0.5984375 0.38703703703703707 0.009375 0.040740740740740744
0 0.2875 0.4226851851851852 0.016666666666666666 0.05092592592592593
0 0.5817708333333333 0.3962962962962963 0.009375 0.05185185185185186
0 0.6359375 0.38287037037037036 0.0125 0.08611111111111111
1 0.5244791666666666 0.40046296296296297 0.017708333333333333 0.08240740740740742
0 0.5677083333333334 0.39212962962962966 0.009375 0.04166666666666667
1 0.5942708333333333 0.4078703703703704 0.011458333333333333 0.036111111111111115
1 0.66953125 0.4064814814814815 0.0140625 0.044444444444444446
1 0.6559895833333333 0.4027777777777778 0.0109375 0.044444444444444446
0 0.6158854166666666 0.39305555555555555 0.0109375 0.058333333333333334
1 0.5057291666666667 0.40185185185185185 0.019791666666666666 0.09074074074074075
