0 0.24557291666666667 0.3611111111111111 0.027604166666666666 0.10185185185185186
0 0.05625 0.38981481481481484 0.030208333333333334 0.14074074074074075
0 0.8239583333333333 0.3592592592592593 0.030208333333333334 0.1425925925925926
0 0.20052083333333334 0.32453703703703707 0.03854166666666667 0.18055555555555555
1 0.13151041666666666 0.38703703703703707 0.06302083333333333 0.17407407407407408
0 0.278125 0.3662037037037037 0.025 0.08796296296296297
1 0.55859375 0.4027777777777778 0.011979166666666666 0.02777777777777778
0 0.32135416666666666 0.37592592592592594 0.015625 0.06666666666666667
1 0.33880208333333334 0.3995370370370371 0.03177083333333333 0.09907407407407408
0 0.8911458333333333 0.32175925925925924 0.042708333333333334 0.23055555555555557
0 0.7385416666666667 0.3666666666666667 0.022916666666666665 0.10925925925925926
0 0.77734375 0.362962962962963 0.027604166666666666 0.12037037037037038
1 0.6346354166666667 0.39861111111111114 0.019270833333333334 0.05648148148148149
0 0.0734375 0.4175925925925926 0.016666666666666666 0.06296296296296297
1 0.7734375 0.3888888888888889 0.03333333333333333 0.11296296296296297
0 0.3020833333333333 0.3703703703703704 0.019791666666666666 0.07777777777777778
0 0.7104166666666667 0.375 0.019791666666666666 0.0925925925925926
1 0.7041666666666666 0.3944444444444445 0.026041666666666668 0.07407407407407407
1 0.39609375 0.4027777777777778 0.028645833333333332 0.06481481481481481
