1 0.34791666666666665 0.3652777777777778 0.030208333333333334 0.08981481481481482
0 0.3763020833333333 0.3462962962962963 0.0234375 0.13148148148148148
0 0.3234375 0.33842592592592596 0.025 0.11574074074074074
0 0.4356770833333333 0.34861111111111115 0.027604166666666666 0.13611111111111113
1 0.7307291666666667 0.4083333333333333 0.03958333333333333 0.11666666666666667
1 0.7125 0.40324074074074073 0.0375 0.11944444444444445
0 0.278125 0.337037037037037 0.022916666666666665 0.11481481481481481
1 0.20546875 0.35324074074074074 0.0234375 0.07314814814814816
1 0.48515625 0.3824074074074074 0.0328125 0.11111111111111112
0 0.50859375 0.3282407407407408 0.0265625 0.19166666666666668
