0 0.39166666666666666 0.3675925925925926 0.010416666666666666 0.06851851851851852
1 0.40520833333333334 0.38796296296296295 0.017708333333333333 0.0462962962962963
0 0.11119791666666666 0.3962962962962963 0.0234375 0.05925925925925926
1 0.29583333333333334 0.3787037037037037 0.03333333333333333 0.09074074074074075
0 0.42578125 0.36712962962962964 0.011979166666666666 0.0787037037037037
1 0.22395833333333334 0.3814814814814815 0.016666666666666666 0.05555555555555556
0 0.37890625 0.36203703703703705 0.009895833333333333 0.05555555555555556
0 0.44427083333333334 0.3625 0.0125 0.08240740740740742
0 0.40781249999999997 0.3611111111111111 0.011458333333333333 0.06296296296296297
0 0.13385416666666666 0.4 0.015625 0.06296296296296297
