0 0.4317708333333333 0.3615740740740741 0.0125 0.08240740740740742
0 0.4119791666666667 0.362962962962963 0.011458333333333333 0.07962962962962963
1 0.21015625 0.3837962962962963 0.027604166666666666 0.03981481481481482
0 0.36484375 0.3611111111111111 0.008854166666666666 0.05740740740740741
0 0.37864583333333335 0.3652777777777778 0.008333333333333333 0.0712962962962963
1 0.28151041666666665 0.37777777777777777 0.0328125 0.0925925925925926
1 0.33880208333333334 0.39305555555555555 0.018229166666666668 0.04722222222222222
0 0.09036458333333333 0.39351851851851855 0.0234375 0.07407407407407407
1 0.13828125 0.4064814814814815 0.0328125 0.06666666666666667
0 0.39401041666666664 0.3601851851851852 0.008854166666666666 0.061111111111111116
