1 0.6263020833333334 0.375462962962963 0.0203125 0.08425925925925926
1 0.54609375 0.3814814814814815 0.018229166666666668 0.044444444444444446
0 0.40234375 0.3925925925925926 0.0140625 0.05
0 0.7177083333333333 0.3675925925925926 0.009375 0.05925925925925926
0 0.47031249999999997 0.39490740740740743 0.015625 0.049074074074074076
0 0.73515625 0.3675925925925926 0.0109375 0.05925925925925926
0 0.7247395833333333 0.3842592592592593 0.011979166666666666 0.03888888888888889
0 0.7541666666666667 0.3685185185185185 0.011458333333333333 0.06481481481481481
1 0.79609375 0.37962962962962965 0.01614583333333333 0.044444444444444446
1 0.8138020833333334 0.3814814814814815 0.0140625 0.044444444444444446
1 0.6041666666666666 0.3736111111111111 0.025 0.08981481481481482
0 0.7018229166666666 0.36574074074074076 0.008854166666666666 0.04259259259259259
0 0.7776041666666667 0.3550925925925926 0.016666666666666666 0.09166666666666667
0 0.48463541666666665 0.39212962962962966 0.0067708333333333336 0.036111111111111115
