4 0.3888020833333333 0.42638888888888893 0.04010416666666666 0.04537037037037037
0 0.5697916666666667 0.43703703703703706 0.0125 0.040740740740740744
0 0.9744791666666667 0.39722222222222225 0.041666666666666664 0.19814814814814816
0 0.6598958333333333 0.41574074074074074 0.017708333333333333 0.10185185185185186
1 0.4296875 0.4240740740740741 0.026041666666666668 0.06666666666666667
0 0.5627604166666667 0.43472222222222223 0.008854166666666666 0.03425925925925926
1 0.721875 0.40555555555555556 0.057291666666666664 0.18703703703703706
0 0.75625 0.4064814814814815 0.022916666666666665 0.12962962962962962
0 0.5190104166666667 0.4361111111111111 0.0067708333333333336 0.03518518518518519
0 0.6072916666666667 0.41712962962962963 0.015625 0.08611111111111111
0 0.53671875 0.43703703703703706 0.008854166666666666 0.037037037037037035
