0 0.5611979166666666 0.3675925925925926 0.01614583333333333 0.08518518518518518
1 0.57265625 0.38287037037037036 0.022395833333333334 0.07314814814814816
1 0.28541666666666665 0.3902777777777778 0.011458333333333333 0.05462962962962963
0 0.17760416666666667 0.3550925925925926 0.017708333333333333 0.08055555555555556
0 0.09348958333333333 0.4064814814814815 0.0203125 0.05185185185185186
0 0.15911458333333334 0.3212962962962963 0.015104166666666667 0.037037037037037035
1 0.2630208333333333 0.38657407407407407 0.026041666666666668 0.07314814814814816
0 0.5424479166666667 0.3675925925925926 0.0140625 0.07777777777777778
0 0.6505208333333333 0.3402777777777778 0.021875 0.14907407407407408
0 0.028385416666666666 0.40370370370370373 0.0203125 0.053703703703703705
1 0.15286458333333333 0.37962962962962965 0.044270833333333336 0.12037037037037038
1 0.7299479166666667 0.3791666666666667 0.025520833333333333 0.08796296296296297
0 0.19244791666666666 0.36064814814814816 0.018229166666666668 0.07314814814814816
0 0.054947916666666666 0.3814814814814815 0.025520833333333333 0.10925925925925926
1 0.5341145833333333 0.38796296296296295 0.019270833333333334 0.05
1 0.7046875 0.375462962962963 0.03125 0.09722222222222222
0 0.128125 0.29444444444444445 0.03125 0.09074074074074075
1 0.296875 0.3902777777777778 0.019791666666666666 0.05648148148148149
0 0.12786458333333334 0.3814814814814815 0.024479166666666666 0.03518518518518519
0 0.58515625 0.3574074074074074 0.0171875 0.08148148148148149
0 0.61328125 0.36064814814814816 0.019270833333333334 0.10462962962962963
