0 0.1265625 0.575462962962963 0.06666666666666667 0.09722222222222222
0 0.7536458333333333 0.5148148148148148 0.014583333333333334 0.020370370370370372
0 0.41796875 0.5351851851851852 0.025520833333333333 0.040740740740740744
0 0.5427083333333333 0.5175925925925926 0.007291666666666667 0.022222222222222223
0 0.84453125 0.5273148148148148 0.0328125 0.04537037037037037
0 0.7796875 0.5217592592592593 0.01875 0.03425925925925926
0 0.4671875 0.5282407407407408 0.019791666666666666 0.03981481481481482
0 0.7434895833333334 0.5171296296296296 0.0078125 0.02314814814814815
0 0.49895833333333334 0.524537037037037 0.016666666666666666 0.032407407407407406
0 0.8052083333333333 0.5226851851851853 0.025 0.03796296296296296
0 0.96875 0.5467592592592593 0.06145833333333333 0.0787037037037037
0 0.53203125 0.5189814814814815 0.013020833333333334 0.021296296296296296
0 0.26145833333333335 0.5597222222222222 0.046875 0.07314814814814816
