0 0.49140625 0.36203703703703705 0.008854166666666666 0.040740740740740744
0 0.25494791666666666 0.375 0.021354166666666667 0.053703703703703705
0 0.5067708333333333 0.3597222222222222 0.011458333333333333 0.04351851851851852
0 0.16458333333333333 0.37222222222222223 0.019791666666666666 0.05925925925925926
1 0.40572916666666664 0.37083333333333335 0.029166666666666667 0.08425925925925926
1 0.51484375 0.3805555555555556 0.015104166666666667 0.03518518518518519
0 0.5565104166666667 0.36064814814814816 0.01614583333333333 0.08055555555555556
0 0.5388020833333333 0.36388888888888893 0.0109375 0.05740740740740741
1 0.4908854166666667 0.37962962962962965 0.008854166666666666 0.02777777777777778
0 0.5213541666666667 0.35833333333333334 0.0125 0.05185185185185186
