0 0.2856770833333333 0.3990740740740741 0.0265625 0.07592592592592592
0 0.77109375 0.3527777777777778 0.027604166666666666 0.12222222222222223
0 0.029427083333333333 0.46481481481481485 0.0234375 0.06666666666666667
0 0.82109375 0.3402777777777778 0.0296875 0.15092592592592594
0 0.17213541666666665 0.3541666666666667 0.043229166666666666 0.18425925925925926
1 0.5341145833333333 0.41064814814814815 0.0140625 0.026851851851851852
1 0.07890625 0.4305555555555556 0.0734375 0.18888888888888888
1 0.3872395833333333 0.4199074074074074 0.025520833333333333 0.07314814814814816
0 0.30859375 0.40092592592592596 0.018229166666666668 0.06851851851851852
1 0.6979166666666666 0.38981481481481484 0.03125 0.07777777777777778
1 0.6278645833333333 0.39861111111111114 0.022395833333333334 0.058333333333333334
1 0.7674479166666667 0.3800925925925926 0.043229166666666666 0.11388888888888889
0 0.73125 0.36064814814814816 0.026041666666666668 0.11018518518518519
0 0.25729166666666664 0.3925925925925926 0.028125 0.08518518518518518
1 0.3171875 0.4185185185185185 0.03958333333333333 0.1
0 0.09817708333333333 0.4620370370370371 0.024479166666666666 0.06666666666666667
0 0.8911458333333333 0.2967592592592593 0.040625 0.23425925925925928
0 0.7005208333333334 0.3662037037037037 0.020833333333333332 0.09722222222222222
0 0.01015625 0.4375 0.0203125 0.14907407407407408
0 0.22213541666666667 0.3875 0.0296875 0.10462962962962963
1 0.525 0.4115740740740741 0.0125 0.030555555555555558
