0 0.37395833333333334 0.3962962962962963 0.009375 0.053703703703703705
0 0.5361979166666666 0.41111111111111115 0.0036458333333333334 0.007407407407407408
0 0.49322916666666666 0.4083333333333333 0.003125 0.007407407407407408
0 0.5651041666666666 0.40601851851851856 0.00625 0.05277777777777778
0 0.46510416666666665 0.4 0.008333333333333333 0.061111111111111116
0 0.6807291666666666 0.41203703703703703 0.011458333333333333 0.061111111111111116
0 0.5716145833333334 0.4064814814814815 0.009895833333333333 0.05925925925925926
0 0.66328125 0.41250000000000003 0.008854166666666666 0.05648148148148149
0 0.4713541666666667 0.40185185185185185 0.004166666666666667 0.05740740740740741
0 0.35833333333333334 0.39351851851851855 0.011458333333333333 0.05925925925925926
