0 0.40390624999999997 0.4416666666666667 0.01614583333333333 0.053703703703703705
1 0.7109375 0.43194444444444446 0.014583333333333334 0.04537037037037037
0 0.3260416666666667 0.44074074074074077 0.015625 0.04814814814814815
1 0.54921875 0.4226851851851852 0.033854166666666664 0.09537037037037037
0 0.6776041666666667 0.4050925925925926 0.0125 0.08796296296296297
1 0.6078125 0.43194444444444446 0.0125 0.03796296296296296
1 0.4666666666666667 0.4189814814814815 0.016666666666666666 0.062037037037037036
0 0.6557291666666667 0.41203703703703703 0.008333333333333333 0.07222222222222223
1 0.7 0.4291666666666667 0.015625 0.04351851851851852
1 0.63671875 0.42824074074074076 0.018229166666666668 0.04166666666666667
1 0.5549479166666667 0.41620370370370374 0.0265625 0.09722222222222222
0 0.6046875 0.4203703703703704 0.013541666666666667 0.053703703703703705
1 0.4700520833333333 0.41944444444444445 0.021354166666666667 0.05740740740740741
0 0.6200520833333333 0.41712962962962963 0.013020833333333334 0.05648148148148149
0 0.41510416666666666 0.43472222222222223 0.007291666666666667 0.032407407407407406
0 0.6369791666666667 0.41620370370370374 0.014583333333333334 0.0638888888888889
