0 0.0328125 0.45787037037037037 0.06145833333333333 0.08611111111111111
0 0.9481770833333333 0.4740740740740741 0.0890625 0.11296296296296297
0 0.7625 0.4226851851851852 0.0125 0.025
0 0.8145833333333333 0.4365740740740741 0.035416666666666666 0.049074074074074076
0 0.88125 0.45046296296296295 0.046875 0.06759259259259259
0 0.18489583333333334 0.4527777777777778 0.04895833333333333 0.06851851851851852
0 0.3815104166666667 0.4328703703703704 0.025520833333333333 0.03796296296296296
0 0.4466145833333333 0.425 0.021354166666666667 0.03888888888888889
0 0.4903645833333333 0.42314814814814816 0.0171875 0.03333333333333333
0 0.5348958333333333 0.4203703703703704 0.0125 0.02592592592592593
0 0.54765625 0.4199074074074074 0.0109375 0.02314814814814815
