1 0.8966145833333333 0.45972222222222225 0.0109375 0.030555555555555558
1 0.7135416666666666 0.4513888888888889 0.010416666666666666 0.028703703703703703
1 0.6848958333333334 0.44953703703703707 0.022916666666666665 0.0712962962962963
0 0.2375 0.4199074074074074 0.028125 0.16018518518518518
1 0.73203125 0.4527777777777778 0.0067708333333333336 0.02592592592592593
1 0.8747395833333333 0.45740740740740743 0.005729166666666666 0.02962962962962963
1 0.6213541666666667 0.4416666666666667 0.035416666666666666 0.09814814814814815
0 0.503125 0.3773148148148148 0.030208333333333334 0.14907407407407408
0 0.5380208333333333 0.40740740740740744 0.025 0.09444444444444444
0 0.4080729166666667 0.4532407407407408 0.009895833333333333 0.05092592592592593
1 0.8822916666666667 0.4569444444444445 0.011458333333333333 0.032407407407407406
0 0.5677083333333334 0.41064814814814815 0.021875 0.08611111111111111
0 0.6067708333333334 0.4199074074074074 0.0125 0.06759259259259259
0 0.5903645833333333 0.4189814814814815 0.018229166666666668 0.0712962962962963
1 0.4432291666666667 0.4305555555555556 0.04895833333333333 0.15185185185185185
0 0.39479166666666665 0.4291666666666667 0.01875 0.11574074074074074
