0 0.95390625 0.41203703703703703 0.0328125 0.13333333333333333
0 0.41744791666666664 0.3824074074074074 0.0171875 0.12592592592592594
0 0.6872395833333333 0.39212962962962966 0.0140625 0.012037037037037037
0 0.86015625 0.4013888888888889 0.0078125 0.026851851851851852
0 0.8997395833333334 0.40324074074074073 0.013020833333333334 0.028703703703703703
0 0.6671875 0.3902777777777778 0.008333333333333333 0.010185185185185186
0 0.8473958333333333 0.40370370370370373 0.02395833333333333 0.10370370370370371
0 0.7234375 0.39814814814814814 0.030208333333333334 0.14074074074074075
0 0.6455729166666666 0.3944444444444445 0.0203125 0.11296296296296297
0 0.45078124999999997 0.3856481481481482 0.025520833333333333 0.16574074074074074
