0 0.18645833333333334 0.4310185185185185 0.027083333333333334 0.04166666666666667
0 0.26666666666666666 0.4236111111111111 0.017708333333333333 0.036111111111111115
0 0.037760416666666664 0.44953703703703707 0.057812499999999996 0.06759259259259259
0 0.23515624999999998 0.42685185185185187 0.025520833333333333 0.03888888888888889
0 0.2981770833333333 0.42083333333333334 0.013020833333333334 0.02314814814814815
0 0.31015625 0.42129629629629634 0.0078125 0.02777777777777778
0 0.4927083333333333 0.4199074074074074 0.013541666666666667 0.017592592592592594
0 0.54375 0.4287037037037037 0.019791666666666666 0.03333333333333333
0 0.5963541666666666 0.4356481481481482 0.028125 0.04537037037037037
0 0.6325520833333333 0.4425925925925926 0.034895833333333334 0.05185185185185186
