1 0.6614583333333334 0.4467592592592593 0.013541666666666667 0.05648148148148149
0 0.5763020833333333 0.42592592592592593 0.013020833333333334 0.06666666666666667
0 0.5604166666666667 0.4203703703703704 0.016666666666666666 0.07777777777777778
1 0.8791666666666667 0.4564814814814815 0.008333333333333333 0.02592592592592593
0 0.45989583333333334 0.4444444444444445 0.016666666666666666 0.1
0 0.32005208333333335 0.46805555555555556 0.019270833333333334 0.06018518518518519
1 0.5953125 0.46990740740740744 0.011458333333333333 0.05277777777777778
1 0.6697916666666667 0.44722222222222224 0.022916666666666665 0.06296296296296297
0 0.44505208333333335 0.4652777777777778 0.011979166666666666 0.04537037037037037
0 0.5432291666666667 0.41620370370370374 0.017708333333333333 0.08240740740740742
0 0.5200520833333333 0.3907407407407408 0.024479166666666666 0.13703703703703704
1 0.6419270833333334 0.4481481481481482 0.0296875 0.08148148148148149
1 0.7966145833333333 0.45 0.01614583333333333 0.020370370370370372
1 0.9328124999999999 0.4393518518518519 0.025 0.06018518518518519
1 0.53359375 0.44027777777777777 0.0390625 0.1212962962962963
0 0.3684895833333333 0.44212962962962965 0.022395833333333334 0.13425925925925927
0 0.2778645833333333 0.4763888888888889 0.0203125 0.07314814814814816
0 0.23411458333333332 0.4689814814814815 0.0140625 0.062037037037037036
0 0.20729166666666665 0.4398148148148148 0.034375 0.1851851851851852
0 0.4908854166666667 0.46435185185185185 0.0140625 0.04722222222222222
