1 0.8979166666666667 0.3615740740740741 0.027083333333333334 0.075
0 0.23151041666666666 0.40740740740740744 0.05677083333333333 0.2425925925925926
0 0.45677083333333335 0.3675925925925926 0.020833333333333332 0.10185185185185186
0 0.4380208333333333 0.36435185185185187 0.029166666666666667 0.1212962962962963
0 0.4700520833333333 0.3726851851851852 0.021354166666666667 0.09166666666666667
1 0.41015625 0.3814814814814815 0.1265625 0.38333333333333336
0 0.3859375 0.3041666666666667 0.052083333333333336 0.23796296296296296
0 0.3255208333333333 0.44537037037037036 0.03958333333333333 0.0962962962962963
1 0.59609375 0.3925925925925926 0.05677083333333333 0.13703703703703704
0 0.41744791666666664 0.34814814814814815 0.028645833333333332 0.15555555555555556
