1 0.53828125 0.3791666666666667 0.0109375 0.025
0 0.31640625 0.3819444444444445 0.01614583333333333 0.04722222222222222
1 0.5622395833333333 0.375 0.013020833333333334 0.03333333333333333
0 0.53828125 0.35555555555555557 0.009895833333333333 0.05
0 0.5528645833333333 0.3592592592592593 0.005729166666666666 0.05555555555555556
0 0.6028645833333334 0.34953703703703703 0.009895833333333333 0.08611111111111111
1 0.6348958333333333 0.37592592592592594 0.0125 0.037037037037037035
1 0.39453125 0.3736111111111111 0.015104166666666667 0.036111111111111115
1 0.6216145833333333 0.37592592592592594 0.0140625 0.03888888888888889
1 0.46770833333333334 0.3625 0.04583333333333333 0.08981481481481482
0 0.5841145833333333 0.35879629629629634 0.0078125 0.058333333333333334
0 0.5674479166666666 0.35370370370370374 0.008854166666666666 0.0462962962962963
0 0.23229166666666667 0.3824074074074074 0.013541666666666667 0.044444444444444446
