0 0.24557291666666667 0.36574074074074076 0.015104166666666667 0.05925925925925926
1 0.23880208333333333 0.3837962962962963 0.0109375 0.028703703703703703
1 0.196875 0.3699074074074074 0.035416666666666666 0.11574074074074074
1 0.34921875 0.3763888888888889 0.019270833333333334 0.04166666666666667
0 0.28828125 0.3652777777777778 0.009895833333333333 0.0638888888888889
0 0.2640625 0.36712962962962964 0.010416666666666666 0.06574074074074074
1 0.22135416666666666 0.3685185185185185 0.036458333333333336 0.11666666666666667
1 0.27291666666666664 0.3819444444444445 0.013541666666666667 0.03981481481481482
1 0.040364583333333336 0.3805555555555556 0.0234375 0.06851851851851852
0 0.3111979166666667 0.3541666666666667 0.013020833333333334 0.08796296296296297
