0 0.8578125 0.3689814814814815 0.021875 0.08981481481481482
1 0.9682291666666667 0.39861111111111114 0.06041666666666667 0.14907407407407408
0 0.8315104166666667 0.36388888888888893 0.027604166666666666 0.10740740740740741
0 0.8799479166666666 0.37222222222222223 0.0234375 0.08333333333333334
1 0.7078125 0.3925925925925926 0.07083333333333333 0.21851851851851853
0 0.7971354166666667 0.35694444444444445 0.04114583333333333 0.12685185185185185
0 0.7549479166666666 0.3143518518518519 0.04114583333333333 0.21203703703703705
0 0.44453125 0.3925925925925926 0.03177083333333333 0.19814814814814816
0 0.6223958333333334 0.3944444444444445 0.026041666666666668 0.14814814814814814
0 0.14921875 0.38796296296296295 0.050520833333333334 0.27037037037037037
