0 0.24140625 0.4337962962962963 0.043229166666666666 0.0638888888888889
0 0.6596354166666667 0.41712962962962963 0.0140625 0.02314814814814815
0 0.34765625 0.4342592592592593 0.034895833333333334 0.05185185185185186
0 0.6111979166666667 0.4185185185185185 0.01614583333333333 0.02962962962962963
0 0.5049479166666666 0.42314814814814816 0.021354166666666667 0.03518518518518519
0 0.5677083333333334 0.41944444444444445 0.019791666666666666 0.03518518518518519
0 0.9611979166666667 0.4439814814814815 0.034895833333333334 0.04722222222222222
0 0.9890625 0.46435185185185185 0.021875 0.0787037037037037
0 0.6734375 0.4175925925925926 0.011458333333333333 0.024074074074074074
0 0.9216145833333333 0.42638888888888893 0.009895833333333333 0.025
0 0.93515625 0.43703703703703706 0.01614583333333333 0.040740740740740744
