1 0.6192708333333333 0.3912037037037037 0.0125 0.036111111111111115
1 0.465625 0.37824074074074077 0.026041666666666668 0.08981481481481482
0 0.23489583333333333 0.40231481481481485 0.016666666666666666 0.04722222222222222
0 0.3208333333333333 0.40185185185185185 0.020833333333333332 0.053703703703703705
0 0.6013020833333333 0.3666666666666667 0.0140625 0.08333333333333334
1 0.5596354166666666 0.3925925925925926 0.011979166666666666 0.02592592592592593
1 0.6330729166666667 0.39166666666666666 0.0109375 0.040740740740740744
1 0.48802083333333335 0.3805555555555556 0.017708333333333333 0.08518518518518518
0 0.54921875 0.3805555555555556 0.008854166666666666 0.04814814814814815
0 0.5346354166666667 0.375 0.0078125 0.037037037037037035
0 0.5643229166666667 0.36944444444444446 0.0078125 0.03518518518518519
1 0.3963541666666667 0.3893518518518519 0.014583333333333334 0.036111111111111115
0 0.5815104166666667 0.37592592592592594 0.009895833333333333 0.053703703703703705
0 0.33697916666666666 0.39537037037037037 0.009375 0.040740740740740744
