0 0.9932291666666666 0.44351851851851853 0.0125 0.02962962962962963
0 0.9401041666666666 0.4351851851851852 0.011458333333333333 0.014814814814814815
0 0.76875 0.4375 0.009375 0.015740740740740743
4 0.9080729166666667 0.425462962962963 0.04114583333333333 0.015740740740740743
0 0.7755208333333333 0.437962962962963 0.003125 0.014814814814814815
0 0.7440104166666667 0.4388888888888889 0.009895833333333333 0.016666666666666666
0 0.7041666666666666 0.44583333333333336 0.011458333333333333 0.02314814814814815
0 0.9703125 0.4398148148148148 0.015625 0.018518518518518517
0 0.6880208333333333 0.4444444444444445 0.016666666666666666 0.02592592592592593
0 0.72890625 0.44212962962962965 0.011979166666666666 0.015740740740740743
