0 0.6833333333333333 0.4615740740740741 0.06145833333333333 0.09722222222222222
0 0.6291666666666667 0.4481481481481482 0.04375 0.07037037037037037
0 0.24583333333333332 0.41712962962962963 0.019791666666666666 0.03796296296296296
0 0.57109375 0.4273148148148148 0.0265625 0.03796296296296296
0 0.08541666666666667 0.42685185185185187 0.036458333333333336 0.044444444444444446
0 0.1859375 0.42129629629629634 0.026041666666666668 0.04814814814814815
0 0.30364583333333334 0.41203703703703703 0.013541666666666667 0.020370370370370372
0 0.3171875 0.40972222222222227 0.011458333333333333 0.021296296296296296
0 0.5442708333333334 0.425 0.025 0.03333333333333333
0 0.5265625 0.41250000000000003 0.011458333333333333 0.017592592592592594
