1 0.21302083333333333 0.40046296296296297 0.04479166666666667 0.11944444444444445
0 0.7833333333333333 0.44027777777777777 0.010416666666666666 0.026851851851851852
0 0.8458333333333333 0.4287037037037037 0.014583333333333334 0.07222222222222223
0 0.8846354166666667 0.4277777777777778 0.0109375 0.07037037037037037
1 0.8955729166666666 0.4240740740740741 0.0453125 0.11666666666666667
1 0.6895833333333333 0.42592592592592593 0.01875 0.061111111111111116
4 0.64453125 0.42314814814814816 0.04010416666666666 0.03333333333333333
1 0.25416666666666665 0.40185185185185185 0.05416666666666667 0.17037037037037037
0 0.8138020833333334 0.4430555555555556 0.0109375 0.036111111111111115
0 0.9567708333333333 0.4277777777777778 0.022916666666666665 0.09814814814814815
0 0.7682291666666666 0.44027777777777777 0.00625 0.030555555555555558
