0 0.5755208333333334 0.45 0.013541666666666667 0.03888888888888889
0 0.5270833333333333 0.45046296296296295 0.010416666666666666 0.03796296296296296
1 0.41119791666666666 0.43194444444444446 0.0203125 0.07685185185185185
0 0.55078125 0.45092592592592595 0.011979166666666666 0.040740740740740744
1 0.4322916666666667 0.4328703703703704 0.022916666666666665 0.0787037037037037
1 0.9885416666666667 0.47453703703703703 0.021875 0.1564814814814815
0 0.7559895833333333 0.42962962962962964 0.0234375 0.12592592592592594
0 0.9122395833333333 0.425 0.01614583333333333 0.12222222222222223
0 0.9372395833333333 0.42453703703703705 0.0359375 0.17685185185185187
4 0.3515625 0.4351851851851852 0.05520833333333333 0.04814814814814815
0 0.6057291666666667 0.4532407407407408 0.014583333333333334 0.04537037037037037
0 0.665625 0.4305555555555556 0.017708333333333333 0.10185185185185186
