0 0.6098958333333333 0.40370370370370373 0.02395833333333333 0.09444444444444444
1 0.7682291666666666 0.4412037037037037 0.03125 0.07685185185185185
0 0.63828125 0.40925925925925927 0.022395833333333334 0.08518518518518518
0 0.4653645833333333 0.44074074074074077 0.019270833333333334 0.11296296296296297
0 0.5705729166666667 0.3773148148148148 0.030729166666666665 0.1638888888888889
0 0.32005208333333335 0.4398148148148148 0.0265625 0.15
0 0.6630208333333333 0.41481481481481486 0.019791666666666666 0.07592592592592592
0 0.08255208333333333 0.4412037037037037 0.0421875 0.20277777777777778
1 0.5130208333333334 0.4342592592592593 0.04583333333333333 0.15
1 0.6981770833333333 0.43842592592592594 0.03697916666666667 0.10092592592592593
1 0.8015625 0.4398148148148148 0.008333333333333333 0.02592592592592593
1 0.7755208333333333 0.4398148148148148 0.016666666666666666 0.06481481481481481
1 0.821875 0.4398148148148148 0.009375 0.02592592592592593
1 0.9932291666666666 0.4324074074074074 0.0125 0.03333333333333333
