0 0.39401041666666664 0.4277777777777778 0.01614583333333333 0.022222222222222223
4 0.5955729166666667 0.39583333333333337 0.0171875 0.01388888888888889
0 0.4552083333333333 0.425462962962963 0.007291666666666667 0.019444444444444445
0 0.6552083333333333 0.41712962962962963 0.029166666666666667 0.04351851851851852
0 0.44609375 0.425 0.011979166666666666 0.016666666666666666
0 0.3609375 0.4398148148148148 0.01875 0.031481481481481485
0 0.41822916666666665 0.4277777777777778 0.011458333333333333 0.022222222222222223
0 0.278125 0.4569444444444445 0.029166666666666667 0.03981481481481482
0 0.228125 0.4615740740740741 0.03333333333333333 0.04537037037037037
0 0.6080729166666666 0.4078703703703704 0.005729166666666666 0.017592592592592594
0 0.6260416666666666 0.4138888888888889 0.016666666666666666 0.02777777777777778
