0 0.4861979166666667 0.4277777777777778 0.009895833333333333 0.037037037037037035
0 0.55625 0.43194444444444446 0.014583333333333334 0.04537037037037037
0 0.8299479166666667 0.4087962962962963 0.028645833333333332 0.16574074074074074
1 0.8692708333333333 0.40092592592592596 0.08958333333333333 0.24629629629629632
0 0.5330729166666667 0.4277777777777778 0.009895833333333333 0.03888888888888889
1 0.3911458333333333 0.41435185185185186 0.021875 0.06018518518518519
0 0.6833333333333333 0.4115740740740741 0.020833333333333332 0.1175925925925926
0 0.60859375 0.4115740740740741 0.0171875 0.09722222222222222
4 0.31953125 0.40972222222222227 0.04739583333333333 0.04351851851851852
0 0.5080729166666667 0.42824074074074076 0.0109375 0.03981481481481482
1 0.37421875 0.41574074074074074 0.0203125 0.061111111111111116
