0 0.50703125 0.3912037037037037 0.0067708333333333336 0.036111111111111115
1 0.54140625 0.38981481481481484 0.011979166666666666 0.02962962962962963
0 0.5013020833333334 0.3907407407407408 0.0078125 0.037037037037037035
0 0.70703125 0.375 0.0109375 0.05555555555555556
1 0.63359375 0.38101851851851853 0.033854166666666664 0.09351851851851853
1 0.8104166666666667 0.39212962962962966 0.014583333333333334 0.04166666666666667
0 0.7861979166666666 0.36342592592592593 0.0171875 0.09537037037037037
1 0.7036458333333333 0.3939814814814815 0.013541666666666667 0.028703703703703703
0 0.41744791666666664 0.3995370370370371 0.0140625 0.04537037037037037
0 0.490625 0.3995370370370371 0.013541666666666667 0.05092592592592593
0 0.7229166666666667 0.3740740740740741 0.010416666666666666 0.05740740740740741
0 0.7403645833333333 0.37453703703703706 0.0140625 0.062037037037037036
1 0.7385416666666667 0.38842592592592595 0.019791666666666666 0.03981481481481482
1 0.8265625 0.3925925925925926 0.016666666666666666 0.04259259259259259
1 0.6471354166666666 0.3824074074074074 0.030729166666666665 0.09074074074074075
1 0.5630208333333333 0.38657407407407407 0.014583333333333334 0.03981481481481482
0 0.7606770833333333 0.3740740740740741 0.011979166666666666 0.07592592592592592
1 0.55546875 0.3856481481481482 0.0171875 0.04722222222222222
