0 0.6807291666666666 0.4444444444444445 0.025 0.03518518518518519
0 0.011979166666666666 0.47870370370370374 0.020833333333333332 0.11851851851851852
0 0.86484375 0.47361111111111115 0.05572916666666666 0.08796296296296297
0 0.7830729166666667 0.46064814814814814 0.043229166666666666 0.06944444444444445
0 0.6466145833333333 0.437962962962963 0.018229166666666668 0.03333333333333333
0 0.6221354166666666 0.4310185185185185 0.0140625 0.030555555555555558
0 0.5973958333333333 0.4310185185185185 0.0125 0.019444444444444445
0 0.58828125 0.42962962962962964 0.005729166666666666 0.020370370370370372
0 0.128125 0.46620370370370373 0.059375 0.08611111111111111
0 0.28932291666666665 0.44074074074074077 0.030729166666666665 0.0462962962962963
0 0.33671875 0.4305555555555556 0.0234375 0.03518518518518519
0 0.36692708333333335 0.42962962962962964 0.0171875 0.03333333333333333
0 0.3963541666666667 0.4273148148148148 0.0125 0.02314814814814815
0 0.40703125 0.42685185185185187 0.0067708333333333336 0.024074074074074074
