0 0.48854166666666665 0.4375 0.014583333333333334 0.025
0 0.21119791666666665 0.47500000000000003 0.025520833333333333 0.03888888888888889
0 0.36953125 0.4518518518518519 0.018229166666666668 0.02777777777777778
0 0.63125 0.4462962962962963 0.034375 0.05740740740740741
0 0.43854166666666666 0.44583333333333336 0.016666666666666666 0.03425925925925926
0 0.7270833333333333 0.4273148148148148 0.03229166666666666 0.03425925925925926
0 0.5434895833333333 0.4314814814814815 0.011979166666666666 0.016666666666666666
0 0.1109375 0.48333333333333334 0.03125 0.04259259259259259
0 0.7549479166666666 0.41481481481481486 0.013020833333333334 0.022222222222222223
0 0.5895833333333333 0.45601851851851855 0.03958333333333333 0.06574074074074074
0 0.5583333333333333 0.4291666666666667 0.0125 0.021296296296296296
0 0.6950520833333333 0.43194444444444446 0.021354166666666667 0.04166666666666667
