0 0.6799479166666667 0.3990740740740741 0.0078125 0.044444444444444446
0 0.7552083333333334 0.4 0.007291666666666667 0.04259259259259259
0 0.53515625 0.3939814814814815 0.005729166666666666 0.04537037037037037
0 0.5307291666666667 0.3939814814814815 0.003125 0.04351851851851852
0 0.6057291666666667 0.39537037037037037 0.005208333333333333 0.040740740740740744
0 0.6151041666666667 0.39722222222222225 0.00625 0.044444444444444446
0 0.6953125 0.3990740740740741 0.008333333333333333 0.044444444444444446
0 0.7765625 0.3995370370370371 0.009375 0.04537037037037037
0 0.5236979166666667 0.40092592592592596 0.0026041666666666665 0.005555555555555556
0 0.5643229166666667 0.40092592592592596 0.0026041666666666665 0.005555555555555556
