0 0.8611979166666667 0.4898148148148148 0.04010416666666666 0.05555555555555556
0 0.35052083333333334 0.40185185185185185 0.029166666666666667 0.044444444444444446
0 0.40598958333333335 0.4101851851851852 0.0234375 0.03888888888888889
0 0.83203125 0.47962962962962963 0.015104166666666667 0.040740740740740744
0 0.5283854166666666 0.41620370370370374 0.015104166666666667 0.026851851851851852
0 0.8111979166666666 0.46851851851851856 0.0234375 0.02962962962962963
0 0.4921875 0.4152777777777778 0.020833333333333332 0.028703703703703703
0 0.5557291666666666 0.4199074074074074 0.013541666666666667 0.02314814814814815
0 0.5854166666666667 0.4240740740740741 0.0125 0.020370370370370372
0 0.5955729166666667 0.42314814814814816 0.0078125 0.014814814814814815
0 0.7778645833333333 0.45462962962962966 0.009895833333333333 0.016666666666666666
