0 0.9841145833333333 0.437962962962963 0.0296875 0.03518518518518519
0 0.94921875 0.43333333333333335 0.019270833333333334 0.024074074074074074
0 0.6263020833333334 0.4240740740740741 0.018229166666666668 0.02777777777777778
0 0.6833333333333333 0.4222222222222222 0.013541666666666667 0.020370370370370372
0 0.7028645833333333 0.4203703703703704 0.011979166666666666 0.020370370370370372
0 0.91953125 0.42638888888888893 0.0109375 0.015740740740740743
0 0.7377604166666667 0.41805555555555557 0.015104166666666667 0.015740740740740743
0 0.6458333333333334 0.425462962962963 0.017708333333333333 0.026851851851851852
0 0.96328125 0.4356481481481482 0.008854166666666666 0.028703703703703703
0 0.7177083333333333 0.4203703703703704 0.010416666666666666 0.020370370370370372
0 0.7450520833333333 0.4185185185185185 0.0046875 0.018518518518518517
