0 0.6106770833333334 0.4217592592592593 0.0203125 0.04351851851851852
0 0.4669270833333333 0.42129629629629634 0.011979166666666666 0.020370370370370372
0 0.5408854166666667 0.42083333333333334 0.015104166666666667 0.028703703703703703
0 0.23203125 0.43472222222222223 0.022395833333333334 0.032407407407407406
0 0.9018229166666667 0.5935185185185186 0.19427083333333334 0.2962962962962963
0 0.38229166666666664 0.4689814814814815 0.052083333333333336 0.08425925925925926
0 0.7130208333333333 0.4226851851851852 0.026041666666666668 0.03796296296296296
0 0.3067708333333333 0.45231481481481484 0.036458333333333336 0.0712962962962963
0 0.26666666666666666 0.4476851851851852 0.029166666666666667 0.05648148148148149
0 0.4466145833333333 0.4199074074074074 0.009895833333333333 0.021296296296296296
0 0.21796875 0.43703703703703706 0.0067708333333333336 0.03518518518518519
