0 0.66953125 0.4166666666666667 0.0234375 0.044444444444444446
0 0.7044270833333334 0.4217592592592593 0.033854166666666664 0.05648148148148149
0 0.3489583333333333 0.4050925925925926 0.028125 0.049074074074074076
0 0.5822916666666667 0.4087962962962963 0.00625 0.017592592592592594
0 0.8526041666666666 0.4513888888888889 0.059375 0.08240740740740742
0 0.590625 0.41111111111111115 0.00625 0.022222222222222223
0 0.64296875 0.41481481481481486 0.018229166666666668 0.03888888888888889
0 0.3130208333333333 0.4041666666666667 0.03333333333333333 0.04537037037037037
0 0.43046875 0.40092592592592596 0.008854166666666666 0.014814814814814815
0 0.25755208333333335 0.4101851851851852 0.043229166666666666 0.06296296296296297
0 0.15807291666666667 0.42129629629629634 0.06614583333333333 0.07777777777777778
0 0.7578125 0.42962962962962964 0.041666666666666664 0.05925925925925926
0 0.6098958333333333 0.41111111111111115 0.0125 0.02777777777777778
