0 0.41510416666666666 0.40092592592592596 0.011458333333333333 0.06666666666666667
0 0.6106770833333334 0.3851851851851852 0.015104166666666667 0.05555555555555556
1 0.85625 0.40601851851851856 0.010416666666666666 0.032407407407407406
0 0.4578125 0.4027777777777778 0.011458333333333333 0.07222222222222223
0 0.5559895833333334 0.4041666666666667 0.009895833333333333 0.05462962962962963
1 0.59296875 0.40185185185185185 0.019270833333333334 0.06481481481481481
0 0.12421875 0.4273148148148148 0.018229166666666668 0.058333333333333334
0 0.5125 0.40370370370370373 0.011458333333333333 0.06481481481481481
1 0.28515625 0.3962962962962963 0.04114583333333333 0.15
1 0.953125 0.3990740740740741 0.028125 0.07037037037037037
0 0.5932291666666667 0.3685185185185185 0.01875 0.08703703703703704
0 0.6255208333333333 0.3861111111111111 0.011458333333333333 0.05
1 0.7375 0.4064814814814815 0.009375 0.024074074074074074
0 0.33828125 0.4236111111111111 0.015104166666666667 0.04722222222222222
0 0.6372395833333333 0.3888888888888889 0.0078125 0.044444444444444446
1 0.7263020833333333 0.4078703703703704 0.0067708333333333336 0.021296296296296296
1 0.6979166666666666 0.40601851851851856 0.014583333333333334 0.04537037037037037
0 0.3989583333333333 0.4027777777777778 0.013541666666666667 0.07962962962962963
1 0.24088541666666666 0.3939814814814815 0.05260416666666667 0.16018518518518518
1 0.6627604166666666 0.3990740740740741 0.01614583333333333 0.053703703703703705
1 0.90234375 0.40324074074074073 0.0203125 0.04537037037037037
0 0.20390624999999998 0.4273148148148148 0.0171875 0.05462962962962963
0 0.16197916666666667 0.4273148148148148 0.02395833333333333 0.06574074074074074
